97
541124
-676547
-30964
-158428
-880311
-801398
-247816
385617
927279
59853
144496
-85077
90105
-199803
500992
-302387
290316
788323
963374
906675
-547714
-856698
509877
-119630
968639
-778654
-250987
819619
783044
674791
388068
-134232
-83558
39887
-951854
293849
-76427
-539931
905488
-923
937817
-306400
-186971
-303972
931900
-841871
-690596
30071
-653538
-5465
-798549
-407957
472226
-277477
-606208
-39894
631925
165376
-234849
-907020
-54488
-679890
52935
307015
-565817
-523274
472750
-72272
-123625
-812994
584197
-800365
-97037
-310113
234042
-747685
-240073
142865
633754
691843
-535965
87717
-809459
-646461
664218
-191226
298297
949351
476435
-973788
33184
274952
367152
-515497
926251
555675
-25538
