111
-821382
147174
-889230
231057
-513281
10758
-213161
-386044
-21783
-813797
-64855
521109
-881277
910672
-501985
-471200
-26668
919562
-356970
-907262
-631932
636641
691943
-391194
-496201
688430
913560
508738
118630
13869
-684295
-756117
-133119
532919
267954
-966403
372034
377482
-882593
814318
-843089
549567
826958
-124662
-210135
-938456
481802
-390975
-950027
-691412
-360800
-703196
495930
-14904
173200
220383
-964059
-657819
-141176
568470
249730
304526
-726684
-226822
-307802
266004
-834249
-228293
-601410
2693
-278572
599282
240776
-527696
-404780
851681
656562
743812
445410
980370
-626915
-767905
-877912
613609
-112099
-346415
497983
933101
30922
74285
-110971
-409770
-691062
433431
-56348
-895322
971225
380023
874360
680141
334331
-922988
-327588
-101165
248588
356479
455991
693489
717904
-352027
262350
