493
-330973
429428
-442105
-813166
729349
-774111
-965893
-186580
996236
83915
96039
976409
796027
-447863
864247
324752
385440
-264584
703556
-579612
-858039
610247
-58541
-70678
-587196
327090
-629257
-948187
-779912
91803
814207
-589782
505712
-85924
269591
-150352
545797
496720
133195
922751
400079
727285
-167437
899827
520639
625091
-433847
870160
-583854
186521
-614433
-33011
948608
554486
-465317
-197508
-111388
-99276
88793
-655082
-691668
660056
664698
-837155
87519
2937
117113
-179437
-710002
-198160
797093
-833740
-734245
-977506
585683
-848548
245384
45734
271516
-907436
346073
-801409
601432
-225518
698684
-858276
424648
474851
890765
322219
191922
-583687
-188615
825003
939630
107493
304329
-439484
361982
-299813
-249913
-774051
871125
203280
-306755
-624819
358622
-752002
803400
237508
-275253
841367
-318370
-28897
-886927
995960
-711598
-60218
-569914
484248
542967
179928
-302954
-719167
820518
-652350
-537963
-955667
723874
-795562
-26591
477943
-962853
-231846
-825410
104585
430194
-906628
187563
-992304
-838351
319411
792891
739068
-523451
-327283
-415468
-587321
-137080
-356275
739095
-442851
-72473
574857
-760988
-77360
-198661
853809
935933
-56740
577207
424437
846388
661932
526878
649416
983883
303714
-314422
-701472
-20222
479218
91422
-588582
744386
-602532
156074
-106296
-35796
-227621
878541
725928
-990426
-901926
870674
-474806
-348584
411486
737774
813062
252548
395150
-285949
389559
187383
-979719
-384519
922901
-537286
-317090
-621929
971487
410601
-272411
-928155
780740
-820949
-825938
845752
-760938
-225151
725103
881387
911457
798257
-713599
218395
-521851
894690
-390874
199019
722358
691533
-344487
308311
-159935
156631
7514
-80117
318160
750521
-412314
517812
-768349
794925
140946
-955981
417363
270707
786566
-403939
587395
803625
368949
-425775
-560670
-210454
-330153
880530
-457746
456651
297209
717428
-993466
-31215
933691
636453
67499
629202
707534
140853
213008
-381479
-520116
942794
620523
-251147
-753942
773169
966056
-88235
-208074
-281659
-216684
529085
-764512
252274
14459
78442
163226
-267151
890114
21956
979148
-898701
-217612
-987267
414122
-273205
-204725
-349830
-487590
-690393
526360
-566744
-279681
-822085
-464181
-422421
-18206
-875102
-123824
218044
-690387
34886
-83000
898735
558134
-925837
132236
-175250
10717
431672
-362835
-871776
-161941
726279
-232251
-559265
-135234
36243
-438215
-835378
-678920
-824990
-535975
814023
-858023
-146464
-554410
426714
658074
349479
-532056
308425
-574654
524325
-298635
-835547
-536060
-150344
529147
-214660
-365864
-644092
759563
792166
-778645
-866159
-748910
515163
620512
457268
-378733
732478
998358
382400
-733975
930714
-162419
983910
20037
-431059
877995
-386300
-988579
-16009
374700
-161325
-668143
591332
-885578
-978532
682544
-842516
680758
-529486
-110938
-219803
-750594
107214
856561
-724524
-881464
-840642
21883
326198
399257
-741083
-33783
-695437
363661
-954496
585953
-253994
-150643
-159868
-216953
9446
517506
923268
673061
797659
1234
735701
-693790
279332
-457498
437518
-906372
482968
-224147
-805396
-218780
-983315
237241
-184947
-360898
13133
121864
666336
-378926
-742235
-669656
239642
5306
-258255
749899
396054
843024
-258234
310025
722185
383694
-349516
-879225
521923
-560640
-127056
299827
-700292
-668952
108663
772602
766695
-678386
-820615
-206194
250377
-749779
-727157
164674
-925834
853516
769068
-526635
670023
-61690
71259
414774
295427
-970317
913381
675244
-832373
-28534
-415219
922644
-903204
-323318
790305
956539
-667327
-189430
-319526
700358
-165156
235731
999109
991561
-904243
45438
344409
-595583
720224
-109356
537145
525943
-253513
-792658
-161739
-198943
-733764
