721
-977172
108947
-104169
-719084
557170
513758
219349
-726847
721823
-745853
751889
-731228
-257442
-645657
763646
-758028
588428
256258
1941
-733743
928807
177114
450952
487313
636885
-800704
-243782
-155073
468108
-723885
-388425
991529
-49470
532672
462711
-802378
-137768
394251
-272213
-709612
-19725
-723680
558296
-449382
32471
-680965
-995536
902058
416242
685493
-613350
-100217
329545
-184170
198013
-101210
-976919
-422115
-231222
-852557
202732
-49355
-900989
660161
-28114
-684789
139505
-96576
-203729
-254720
-292562
-292711
-794059
-167804
-882352
368205
738815
-855884
-336111
277822
42800
-977953
-549425
-12504
-586077
-109726
385675
813417
-235572
-887154
369281
-858933
835495
323217
798072
343303
-875886
181599
612138
-599121
-898056
-121166
-916407
-403164
-606296
-614362
583375
-167533
-34342
-615088
774115
241507
-540258
265026
259129
-700276
369957
955957
-75060
-45682
751331
-279089
457954
-167135
-674571
-699713
-372677
776444
899657
383247
-316989
-840722
387563
-403341
-779929
-151713
845442
-371292
392610
-632776
625547
232341
-691596
-224168
427114
683213
-726264
-591952
-760661
966489
54547
-21780
-663011
803724
-937827
-207503
838173
-728096
-254624
719146
944490
173546
-568443
-214883
-717177
-743575
738286
-995793
-230509
775124
-729115
694479
24423
-552535
-330604
6798
113737
-402172
81414
-453948
408891
-34364
97365
771904
-761480
971720
321119
136996
-185794
7286
-835134
-244080
-355347
-652468
923350
174
953416
844989
316820
-901334
-755603
676905
977418
734247
-568882
518505
57983
143373
-597530
708424
716484
-231547
147585
948729
829588
324654
-788150
725805
-30932
-165320
-867707
394241
-317435
-226222
120685
384368
-959558
642720
781497
312297
491554
-624917
69410
-164827
-111764
487671
847030
-182604
253097
286954
-874624
-623180
-931058
-655574
-20975
972425
-727956
802485
636797
-432888
-73499
197921
568585
-636305
-336576
-160109
-349279
741653
984197
322779
500692
-139179
-199573
-450326
398765
417740
-22217
-502193
-783799
530457
-326995
548640
848490
-751803
-852872
-383645
-792594
64253
44395
331757
982311
141639
311202
-261815
-577477
57779
-671857
-718550
430223
-804933
454105
376992
-294586
484384
-363489
733047
-651902
-766999
-446726
774273
87942
731017
460932
-688216
337834
-591649
617801
-94068
-778430
345847
230256
-190457
349247
501095
-903791
921817
221396
835622
-819950
362207
698268
420248
218618
-936048
-391825
-555433
358590
-687709
509627
-550672
435063
544423
-494644
-758052
-477641
277051
307802
443103
134787
973627
-819271
-340195
-749001
733085
919335
-205157
-666979
-202440
617761
596018
-735181
-708549
381937
-824523
-39168
-819673
962221
952444
834044
475691
-712524
-554084
461379
-700567
-24588
-963504
634006
-840223
654529
-215049
-476175
663084
-177536
-658948
-676718
-917521
808379
-688198
-460888
782744
974876
-159501
-188421
-340506
54153
279611
850896
-407748
-894219
-206047
941406
244073
647717
-891657
-376152
371722
-575834
-702832
-405694
106038
39013
-582827
642806
-285175
-946516
-403056
396069
-337377
35412
-635010
-463696
-589098
767021
-561133
-603179
160739
701372
313180
182300
-83299
-673424
884231
622970
639681
-898995
727950
322620
112013
-925145
-993734
-831781
639753
706886
-279516
-982601
-423536
-758655
932463
582559
698964
-720739
-195369
738831
884
-741353
953358
-671415
865152
252071
672877
643957
429689
138370
-954766
462968
-579013
567193
-660181
-886901
850487
392554
985408
-641756
-122754
-808525
-22538
127372
-9750
-827614
112152
448260
873377
-63523
3634
-162490
-425571
-222640
835036
-536896
-335701
-746799
925388
217514
-328712
926777
45627
-261697
-279578
244580
-237568
-698582
-598648
200395
601755
-785830
-135796
454375
622110
-915700
-859771
178241
500638
704015
777581
381016
-46576
-579130
303172
694113
-577453
-646998
286812
-196634
258747
-435371
711171
-864707
49557
363627
126367
482019
-267239
-787226
-980760
-921181
-681123
743099
-194413
-236868
-453742
240614
-458589
696552
-261508
-546742
-311591
-280482
265497
579871
839656
-574947
139296
370194
114516
177258
-239219
766465
5794
-844662
-179547
-352366
-891469
705994
344364
-759822
-739252
-725137
960573
6240
682863
593875
163388
-889585
467483
-455530
-882653
-152212
126582
221939
-567936
-917380
79984
-747589
-125341
388789
-862018
352041
-158086
707096
-976367
-892846
-719810
-722176
314494
-906087
105750
-539366
-570370
-307093
-1363
-164400
748419
-898016
783218
596741
-816564
843808
810935
396997
479875
-233347
871108
184028
252812
-228666
853814
-208200
415876
-481820
-538892
-837324
439899
691404
-155749
732045
744377
-402194
-710070
-354618
-67774
805051
-536291
-801891
-579389
717970
-587927
-571644
985502
665927
-835292
-780106
920519
254123
-999846
-224912
-126646
-234131
752601
813132
943623
-344506
179757
-636375
-213776
-69771
-586204
-130151
-328782
-349110
-207765
670433
391
411432
-157315
-255591
-497869
534282
742957
128211
-98191
-170503
-51037
478553
-849656
-881603
-722716
113349
-392569
-26551
285915
527297
-481589
-400432
731346
-678503
385940
740452
-935584
120781
-899907
-121536
298532
619500
-864307
938722
-721190
584428
435548
-533728
-847663
-315717
-805536
-131796
204990
58445
-911581
-783348
-161361
129238
858381
939031
-723537
-261127
-959153
309877
76399
183552
824465
-187139
-500719
955211
721430
-871455
-464286
-231918
-6597
283505
-852863
6011
335192
-554840
