1111
-827217
119599
221990
585494
-78922
180494
688375
-919692
5603
169978
-981919
41683
29907
-861484
-224990
-174584
-613238
76666
-689186
192082
988438
906528
-82137
776098
402921
-210530
535353
-780298
-639636
556905
-339480
732474
518801
-932037
-184974
167683
368082
-179928
591130
718242
-710700
-161122
869203
323748
439014
-821503
62130
707566
713535
858611
731599
-719188
504983
867077
291524
237573
-482100
481151
927457
182118
-618631
-85378
679168
-803774
126248
-941890
-46107
275987
321126
-964970
-231585
637972
-253687
-73094
-90538
-181168
74353
-133465
568112
-226310
-688999
526192
142382
-544438
287750
-645099
642279
-588294
398958
27809
637969
-22994
225047
267967
648459
-539703
-369140
-745286
340031
-302872
-309577
-62758
691310
-152345
629193
-563027
-747798
744710
-712106
454723
142077
798729
-103159
-633517
-442022
584608
500250
-379282
-551787
-202540
-964316
253896
-924174
-383922
783642
-626659
820844
-626910
676452
-238395
-436615
-605482
302898
358253
76564
815008
348632
750777
-340729
-576957
-807825
446986
322712
932611
-300827
-564757
-448602
702941
793844
96046
249727
-608113
-588868
714720
-356494
433682
838640
213682
223782
-990027
282852
-353540
29454
-772360
180143
230563
-439752
993208
110260
-13596
929402
-615759
-27023
613219
-833090
971209
-657465
711429
-36783
-215876
-460291
-899180
455069
5535
-362838
470989
-166967
-203065
727897
605697
910630
90248
-157591
674374
-591724
1546
841212
828574
-182351
4310
463898
-772774
86962
-226667
-727666
-676303
260567
209743
742159
91704
814199
-466493
931138
260963
749657
574469
-246042
308458
-360645
-158482
131139
328375
696475
316609
741859
521303
350958
-467520
-758492
-674970
644246
-411550
-343704
870280
-560648
-970351
-563842
875767
-748227
-397931
583246
-295929
907554
208707
-589609
755756
-780568
-986726
743976
-630542
-395867
-166376
-260769
636265
-661046
-693961
-44826
118426
788955
124502
-1831
915693
706238
944155
-961718
-641634
303798
629535
169864
964257
744692
-144689
-12139
-449555
993496
-81949
328001
562344
-804333
628323
-323963
-84749
-544730
-9013
222281
891824
967819
376727
-828546
486687
-990577
-457664
-756897
-86030
227235
-8362
-675065
281915
311288
879129
-194306
-454523
-610346
280552
308361
-425580
256780
350156
-893549
516334
-464212
-443388
89028
372160
-502878
394226
-992209
-370788
-972241
-291741
-957956
132891
-666025
-475222
182987
822547
132710
-601154
760217
171184
-29527
22015
-864466
569753
16421
215381
-231648
820543
175532
408746
797920
-647162
-795135
798423
-175929
-84284
790819
439021
263313
-630890
731042
574049
-377506
-794816
738082
374236
178972
-315242
229354
-822327
-450320
832004
460238
711604
-749615
-143943
-181672
-932141
-82228
74017
-814349
-231930
-650836
-473230
531753
-514119
656518
722507
-179430
-305547
-331161
112764
668272
906885
720596
-486836
-16035
-507816
701818
997221
727166
714032
-259921
-871927
684213
-149917
56789
-96850
-285584
-113470
841297
853562
531566
-525736
-821521
2103
-596404
162448
970527
140614
-885433
240687
354201
693069
-94730
-873675
102097
435420
-701918
-203074
755547
958990
-644671
803212
-694920
242220
-193468
400016
252876
-676494
546758
27531
-950409
-862249
38703
203269
996086
578428
497261
206090
13376
-732635
676049
265806
-669926
-244901
-682801
-522617
-369208
5230
-860503
-734183
941948
956120
292290
504847
123839
-711679
-523162
336986
-851221
-850335
441487
490143
-368540
179982
-13991
69609
-96417
-45840
-703564
-195988
482503
-924019
-597114
-811709
-686866
933022
27142
-839451
-118656
425145
-415846
680126
777214
840619
-969434
-975799
-266871
73601
-71942
781499
-998822
-179171
829323
227833
169163
653714
-178789
-153258
-694076
34637
-316687
-679608
-541324
570065
607201
-264939
815925
693500
-414466
-650853
955277
65598
373216
-711629
246257
186999
877837
694174
918744
43754
-516710
341838
-743688
859752
-445811
142804
-41989
246860
-177970
-504791
246704
-307794
-145719
-179455
526171
-299149
-526423
-960845
-384081
-657562
402892
-650708
-422780
349033
-258659
483118
-32788
35135
-109498
-528076
529506
-415084
-57960
878187
-462641
-976003
-38053
-922202
226745
104443
-617488
-829028
-220317
995810
804854
202554
-562469
-350561
-971536
-558579
779416
413887
740078
968413
-42643
-786509
-108838
-530186
-836311
265335
-332386
935328
-856672
-92259
-644793
84274
-519250
739081
-93726
-329865
833760
907280
574468
206343
-117333
-11773
38024
905228
425238
333554
-852917
-46822
-426679
-722892
458582
-866248
906521
-508871
879082
995403
-581184
-416454
95533
974509
427764
116664
-605461
-485166
-1357
-602077
367012
515978
388844
365111
-438890
-849256
575100
829488
-172880
-247469
-216884
590169
911801
-619430
-836740
253706
363886
916615
413939
501791
3468
-672888
19857
-240257
691428
-195881
-839236
293544
709255
784612
-106165
408204
318879
749713
780151
-143484
410158
268513
-902790
954246
580948
229800
5946
614315
898897
644522
-536213
-793064
934859
404719
-435340
-246908
702980
511437
-972347
612337
431744
-494950
988747
-355533
642082
460549
-607688
138640
-830512
688217
-215827
-444978
33661
156896
552403
272925
477109
-855505
-925625
-518135
817226
700010
-893326
729073
-167902
379373
-354212
-380495
-655084
896471
-305588
640819
940267
641783
476894
964027
741447
238848
563815
676718
-644090
358512
-131235
-703932
536584
-274422
582585
-19980
-569019
-866646
-962237
-249555
-989762
764091
-116012
314411
-365684
64357
751810
589253
-780241
656072
835752
-592874
38422
-539045
98926
-204266
985450
-721012
-601517
502272
710588
952394
-595286
160517
347209
-459285
-645571
-983661
-929702
165479
-449700
-387628
-203492
-978094
287961
852965
566263
689838
-135476
-169435
863386
-685748
577339
950532
606422
422601
-82971
586978
-489068
904218
-713779
-165081
953716
480432
-592820
-458440
659310
800443
341582
482542
-15921
850119
69514
-410299
-515627
-126784
-425418
-561509
144563
74762
646937
-659953
-356675
508589
583577
-456198
-453924
-859985
-685152
671981
809880
504385
-80736
99631
-966617
93439
-69875
-22417
475860
35036
-374291
201476
240165
-543591
-624579
-714589
69194
-84496
-9708
594795
-856804
-537804
-600775
-751788
-664170
404345
-228221
464414
130086
-404934
85806
-94280
-84660
863073
594313
-895913
-686580
-629324
-130529
99878
-476183
822900
482956
439894
-245354
244135
15336
853178
-792559
451970
600212
-645781
-328310
-533699
75967
-272991
-542500
848261
-611111
-810471
-592372
636734
-484359
600866
179275
-463305
49151
-771328
121641
-243372
208512
-196315
264196
736068
-766496
-721144
-97770
53777
955295
622060
-739012
-747143
852954
475912
-169699
492207
-107636
303770
295319
-659348
-285860
282947
-745865
142866
-201573
618412
628367
383422
-204295
-607520
-435597
756536
166927
-841832
-374728
-967261
847956
-826261
-526271
-291022
531573
-709751
994476
-53674
-32525
854106
593943
-250184
357923
-417825
207060
-799883
-74772
-402370
59282
334450
-505261
-681412
-851066
-922699
588395
-843475
-586997
25613
738672
-236510
-193062
-830667
-731172
-144107
454728
868460
883799
-106885
791844
56254
979827
-466417
256718
-384834
-957105
-110703
-223301
-852818
13230
-239211
-140961
664563
96320
-369470
537064
962773
-977393
75687
232560
113341
350738
408929
257413
33390
214221
295115
759241
446166
577229
-882440
-826942
608950
135380
577986
-205150
-63016
480104
665625
517975
247768
-135838
-749841
260271
-691705
-995567
-187176
-818744
-289222
-565043
-555361
835515
-535521
-497355
166677
148536
-229984
252293
-22518
-427388
151571
-368685
-109678
14223
144344
863742
-226805
767105
-905792
-453577
723278
-581179
-17521
-564967
678523
-642036
-674357
-551604
-739627
584444
512935
-843873
-193131
342216
-36644
930038
-117473
-549667
989512
-509467
639445
424513
921918
-253981
668899
-793201
991096
710146
-691079
209400
140356
699208
846570
-413926
-343171
917686
-9730
690592
-950357
652996
988797
233536
-502112
-502066
-801024
631244
110832
21364
807936
50199
602038
-305934
-150386
-882717
790239
365124
448965
30165
-594094
-403571
-630641
-829249
135792
-266597
427280
-80687
30549
311259
-443346
-781282
356868
708267
435
734051
845265
738985
199336
167487
-911893
-892452
19115
663757
-811293
-655839
-40908
-938081
