1800
-914701
135725
-525755
-867647
-840783
-904550
220970
-367476
699079
22575
-937849
-702121
692806
-194989
178389
955339
-597848
-540201
-165271
218163
-861843
595349
-784358
-490666
543948
544903
-106607
-482685
798718
-643116
552523
670959
-785738
142086
375069
692873
629422
351074
461069
-256455
-182712
144397
-649651
-560736
-446177
127162
-192687
181202
-128793
-630040
-300521
511364
-634159
-272885
-959186
8902
-806247
-247162
-640300
866492
531574
-921626
-155213
-132086
-494955
631050
-792175
-838928
-580643
474910
540305
875127
-245041
692538
92469
447087
-786645
-429319
588356
665152
968307
-971909
443276
-459915
-273333
-744406
106322
-176231
232349
-478229
75575
552228
649611
-538623
740156
732821
359833
154948
511640
-660566
-953082
-592241
693243
-787191
-810210
535641
-380719
89977
-5421
-676070
-533124
-369935
-881429
-336863
-438459
-951014
-690780
-52626
-987515
473670
-932741
548226
-334058
689443
-276928
501301
-501644
-11568
-377680
469431
392024
-126839
661412
-161145
-560792
-888519
-453949
432333
642655
94578
-134299
85048
428818
-509737
862780
661988
-736125
638252
-551432
884219
983108
-14899
818850
-201738
112083
-640604
876736
-3482
81476
987882
-51761
-128523
344267
-880062
-4755
-88451
107236
-436478
-75227
-154490
382616
207018
344778
971494
-701237
-35853
-987733
-302289
-260606
-312590
845726
492997
-462092
802010
-637312
-401428
-650856
-762375
-229257
-950117
989106
962188
-608531
-724062
394297
759199
505002
288188
576180
693405
169736
165886
-720097
-608860
171890
909483
863652
854341
-610120
-591267
-677842
-725896
-870638
711796
718241
-527444
-101902
574080
-36060
493333
-979169
450078
518840
635339
480745
242728
-420755
-783891
-30743
-984409
578570
989726
264633
-484528
660825
218375
835475
714938
82479
169745
-483029
-681701
42123
-244585
296874
-571341
-985756
425483
-949507
673664
105029
783366
-503648
483354
-703254
107814
747825
894512
-890966
-142289
-602339
363410
846651
765769
173908
263481
173093
-599335
-582434
-213636
-863896
-166296
-440127
-473778
112357
260740
205477
-497020
998619
202389
-27959
-702587
-241561
-329214
221533
-198750
687371
-610919
-381326
652392
948147
-666004
-51230
981798
-57249
764224
-446952
15643
-294946
646112
645237
-817390
513759
643572
610850
-706572
817901
-137454
-79981
-676429
-376602
-992280
-855737
887009
-702677
-134581
898256
-799350
606560
-411459
-876040
-219181
-398011
-369327
347069
542748
-342143
89003
-455130
828144
784559
910865
-502166
933472
228319
-84903
737876
-680296
686613
-432198
-872037
362820
-229660
14698
546123
-225008
-942181
425666
918972
-549209
22168
-529583
-292750
-404325
308192
109316
695491
561886
432456
893088
-698817
-758039
-988950
-477580
-890895
-386445
-815873
238431
-714391
739858
284172
743936
-955113
900513
-450858
229155
335284
184029
-737475
427339
161206
611406
-681887
95704
-395842
-187300
-324626
-611261
937875
688796
597612
-57482
300054
-180047
-655718
797226
448739
-293935
96009
417160
849882
-909842
-437197
-237428
67741
-837359
425148
753631
18637
-513553
857849
193450
-365378
84233
-18424
-129852
-920098
268604
-33639
-260197
144053
-177008
199700
-972263
458811
-371161
-976623
891570
298924
-966283
514787
-454352
982155
-96858
-127804
776110
-275295
283655
-345793
-964310
-841713
-629808
-833042
435676
-648544
706040
454473
-977029
821179
-722794
-540661
185325
938097
633951
-780652
-243464
-852715
426614
369902
189783
-718853
819864
224398
167563
-150029
-459797
581229
780348
-211004
724358
-235769
65340
793804
-482056
-150012
278210
414056
-109470
297386
33799
971695
824616
-115079
-712014
-796204
-565874
-620887
224237
-680361
191649
653083
-164185
600913
-101348
934116
693729
810673
-921845
710165
168208
923403
-81660
692546
-381885
142678
257665
-412526
-638420
332580
-360663
-244265
645426
951285
-64223
725522
-419711
-160502
889679
-535813
-618881
236939
-89298
-235906
-271446
-262805
-827956
858191
766403
299226
75005
-541838
-527170
-654825
324226
290865
-684969
123719
489181
-822976
-103334
-109371
-370686
507833
-921050
-277735
-373022
-917072
-657806
954941
-475429
-450983
790432
-758722
-852349
381272
572365
674840
763053
-467308
-823626
-817435
389735
-744195
-827129
916401
356212
982610
-12123
543341
-700641
411525
816683
-322431
-354658
-12183
508011
-199731
385275
-140751
-301435
-179315
675503
-12613
856781
510558
-763522
593704
300733
-98697
-156744
-682468
-568790
-559556
467086
-951075
-41134
-844410
-568892
796896
795143
-993722
476508
684212
52777
-700082
-54964
150097
100086
-386390
-314318
-104864
448500
560445
-670949
983990
728492
406839
278309
266222
736447
251464
797466
-260535
841870
787281
114655
89827
-509421
-324587
270941
-223770
839081
-299854
185514
-948577
341770
-141134
90682
455984
-312842
655191
563374
425153
-337934
146049
-236053
-989078
785516
-548198
176825
-891045
900251
65376
-667478
920649
680437
-922486
-961697
44220
-341548
71480
-610161
-640368
-550811
238368
-870616
416875
-833260
345008
575308
22162
861169
-707906
-783958
-930136
-955405
-656012
-749481
334164
-562633
-135334
-267291
468437
632362
-501021
-977595
364353
899279
501113
-321209
-327299
-767642
12393
-298156
-968153
389734
-15606
436856
-27879
-189044
586334
-767107
-281196
-914192
714552
623506
-956943
127029
-161639
651812
51372
415999
-475728
-624250
-204129
916643
71356
371894
-570911
750856
130063
240852
-117273
654933
-446899
-211736
-303141
-831246
166858
-624155
-518302
119100
792353
-120309
587470
227903
746138
398493
-544548
-223000
-218351
247264
730525
456941
-671330
-321378
121940
879179
187728
-175719
-861615
-467935
-781683
174393
-774970
-152452
-971000
264968
636847
-900353
-258028
487339
182774
-999484
221498
809886
-227318
126484
709171
-418140
-558185
275361
-981557
-848770
-654325
732301
398786
336911
105744
157287
-727328
138210
-497218
-455309
411355
229854
-459104
441906
583690
198809
959626
-816168
-258799
-182317
304281
-225305
-305378
248831
763077
881379
339581
-688347
-386268
-332689
-886937
130631
-474710
-68137
803134
-993942
-683874
-739440
-718393
-996469
-876464
-698170
-556212
-991937
-119160
801617
-632609
-965075
-92000
141268
174826
-461529
-434450
333077
-673320
898236
-150859
-535161
-210260
-679633
-497818
-676408
-220148
-894863
-295650
-923140
-20536
799318
280987
475787
-508157
603979
325403
716956
-78119
-484272
-985224
134948
-837435
461233
433264
-906466
-395514
733759
8883
662262
477155
736520
346025
391219
732372
734189
506058
-979542
-240609
-896617
-151735
-479526
-759608
473489
32658
857050
159068
-802232
90517
663636
491878
-520812
-672315
-904840
787049
-753289
211851
377935
-246949
76359
-893931
554923
30071
-359426
249747
-585266
-962823
509194
105627
-142452
760663
392209
-459094
-551987
-79485
617471
496088
-176467
-824371
-238269
832331
-580990
999632
-635518
-204436
541264
-92950
189828
-801633
866665
124501
294997
-165616
385869
843306
109645
350411
99344
-226515
754807
-481953
641199
-484454
693610
888789
871759
-734690
470171
127659
592801
682127
-783529
-114561
-386631
501860
876070
-772574
-584394
293028
756044
935084
613496
-212692
-197209
-483756
-525675
-290084
-469860
-102634
-156601
232528
935895
789130
106333
434477
-520845
-69230
-441589
768514
-113769
421698
639986
-480613
351217
-308833
-796560
-510922
146726
1283
930695
-908639
-323502
-954005
-133459
-211132
-262257
442621
-271459
-266061
540353
-40478
826500
-102474
333818
-887048
-48845
-84481
-667893
-545413
-226881
343610
261698
156298
-991245
-268274
696006
-75601
330070
-759755
64142
-457440
-958009
176960
152551
-115980
-449994
7728
-364131
-559089
-842159
-242093
-999804
940570
-410953
-594258
6349
-313862
-604676
236523
-611516
-987583
-739371
-405502
-401805
-662373
-897180
599956
-705555
-775492
231209
-262428
634576
378000
-199485
247783
-757399
-323166
766182
-18935
-865540
866183
-392162
614008
113958
-564271
-363757
-565303
-596421
-903822
792127
13770
-168708
816286
589169
-970813
-396418
-686108
-152091
280878
467198
-691327
-114349
-845891
-150168
324298
-782729
-269720
234430
136660
-48066
699022
980108
-407216
358668
696135
155853
-883041
62554
-657272
709131
288817
-889834
5085
657485
-940506
-562341
-424171
778164
256456
327826
487323
-334770
-839335
-743961
626630
278448
-35164
-893863
-133485
576487
891640
586336
-549833
837381
738188
-787966
-374982
498990
-781409
661889
-876738
-892672
-680033
346167
-269009
-745397
916145
841612
521121
-610082
172056
861177
-68943
129880
448084
-324014
-780643
450546
806054
-965981
256483
535954
-814776
-973906
295129
683132
338042
164602
265239
-389291
859445
774219
827232
-829643
-330434
-388862
230077
-519284
440121
528808
-466725
864069
981483
122942
-735965
155958
-276254
-392300
443899
69890
-507291
509974
-292
-888316
-652852
750278
-872001
-332617
-152368
-627998
-653544
101473
-865623
-559742
-266278
105822
-940544
690951
-819250
546349
967121
908750
-181348
-349020
163880
624120
600191
428547
64243
-738133
137390
-732543
-803511
-199060
152410
143678
-498918
655411
-854992
-373861
-282406
538229
-247360
316014
-923821
996811
554260
840217
714306
550492
-370732
682320
-679034
-725384
-224547
746840
142811
201680
68026
45483
753783
467608
93979
763484
-90396
123574
-649506
246167
-252507
-885569
-285978
-564108
-835653
-607254
611326
329431
-458180
-666994
-727357
-330751
423881
-993683
297602
-410838
-230046
437574
-954055
-309897
601003
-748698
-902253
863634
303354
-733604
-881478
-44614
-179182
-636716
324226
-646209
-14399
-89794
-221510
-443283
-583833
-576443
-747653
354267
85989
467262
69824
965417
752872
592219
883953
-16648
522501
-609735
843484
-320407
-467325
-773269
127628
-547267
-21602
437602
-107705
311789
795339
584241
440786
-730418
-738140
-538006
-121652
994584
157783
222552
-609894
216090
358332
926229
-101719
-556259
-277930
356767
139415
967515
-292239
12659
-542518
-888379
512563
-779727
-335038
288207
502355
861763
871842
-737733
824805
210623
-886610
-16919
948627
-18199
-517756
-323076
-372710
256083
525201
-544866
-684851
-872233
53591
192546
-810767
-765823
170496
672797
259173
-677508
-284207
554622
377510
-116511
976780
984181
-279030
457147
-637139
612527
-994356
-698602
-122148
-592858
278968
-609830
145045
685347
-554757
899642
434073
106725
-275241
-69197
252242
547818
483753
-312373
-967063
163643
-972787
-52603
987166
239146
-752633
-536409
331969
361935
-911392
-138073
-723349
594067
-194692
-966643
-259518
361610
-643544
-880758
161470
256719
318372
347367
280728
546705
540337
378831
-84201
407798
-824744
-441483
-394323
-682436
989441
39749
880046
-715703
772676
46873
612878
192855
632673
-870619
-341167
-523597
704975
-917757
-946355
-508478
383977
602576
82776
-649044
-256113
-157287
-892293
-660138
-297097
694760
111563
-203123
-240159
-438228
158098
-229630
-247403
405656
636054
71884
951550
-320016
362362
239577
938283
-720386
-554473
-744693
-710698
-663330
-526125
-385067
68824
915318
-885079
841341
795479
-809966
-622866
420157
43484
838053
339616
-532813
311095
-713454
956060
-948331
892393
14402
-321289
682350
211418
876488
-646292
756329
768369
559215
-658906
-891040
-719098
-541912
-11434
425625
-723768
550601
-314513
-13730
-574249
62667
737156
-971934
-675319
-315314
626311
-263251
-534357
342952
-992732
316965
-632695
442598
273479
-867482
-188092
-410105
-831579
-722401
686115
-282293
-422835
-733815
541797
-829983
-227009
-312139
-752057
-214011
186044
-94858
-928238
454190
741305
816232
156920
755362
852556
-391982
341878
-630383
-806622
876806
-51298
357819
885431
-105926
-716161
674475
61500
-102053
-167360
721760
-387979
758699
-144904
-88056
817775
115575
692622
-819711
-766280
127372
190022
266193
897747
146907
-856856
-778921
195903
-755551
264132
-216637
-783040
-525765
689468
839939
-538470
-42133
903399
47444
-617610
698642
-38364
-101504
-367001
-725391
-221488
881791
-119301
536249
-483864
722218
-937561
-603064
-858475
836301
195248
78162
-882064
-49824
-164897
-930286
-876277
148561
-497463
762636
-467632
780083
-737793
98474
65464
-15704
871678
-716870
105532
-861302
-766155
-949733
23340
429872
-835174
9768
-692128
861348
-967244
-735584
-864153
593050
-554702
-363988
405369
-733144
145598
674200
-315712
408077
-560593
507024
137791
-129727
879760
866227
317745
300518
-133990
-824788
863803
485301
565503
905736
264981
-543194
526639
-488889
-995884
907057
460585
489235
634887
-976992
-28003
902023
811562
531966
99878
-517114
310773
729084
-68828
613917
-794497
-626396
455763
210666
-135600
963777
307934
685460
-970626
-858827
255451
769836
-952245
829159
-517567
936301
-275692
-30112
878690
91027
-586718
823135
-472517
180637
-418463
-78556
-252064
-520466
890128
674982
970861
726021
-869702
-804250
-4814
9116
-41384
-137401
-519574
74351
-780563
-137718
-324664
348530
-158200
-222805
-882309
-837184
842490
315320
753219
-997896
495547
182965
739592
-488640
651313
-391934
739387
-455833
-438669
807734
-827997
509127
-808044
-960356
-135891
202356
284145
194137
634706
797410
977835
219146
166597
-727815
888328
824026
791893
-887912
-186004
-231658
-307679
-406577
663621
-862638
707252
-660880
899692
768960
-428116
897229
644411
279051
-52674
-904968
-911266
-989704
257652
-857995
172722
-786465
285723
830133
415239
301133
-412646
878473
309
239506
81861
-85126
-162851
-351295
196427
-755440
-754758
896196
-687921
-543977
-829008
927967
623152
699313
550112
-43926
-833120
-790289
452076
-615878
