344 200
131 1428
158 838
464 1035
102 1389
60 1372
153 450
246 431
472 62
75 113
268 1117
268 1641
265 658
67 1536
317 1487
239 1040
124 1335
7 159
381 578
484 1755
346 1045
160 293
221 1232
263 1738
385 1063
410 403
362 211
243 1350
26 1172
168 1795
219 580
473 1651
400 1543
481 764
34 137
309 1037
131 1024
355 1085
339 895
362 356
427 1787
456 1778
78 1012
381 1874
401 1766
104 275
94 1976
445 1542
285 308
351 527
133 470
421 1863
372 978
257 604
204 677
495 1623
285 1995
395 895
310 742
89 1633
293 1037
132 1641
321 1040
32 715
301 1231
99 1317
113 678
122 129
145 1109
288 1950
7 901
298 1766
234 304
454 7
163 254
77 452
9 1218
116 1208
4 693
319 1791
497 350
462 1425
308 714
457 715
150 528
254 1007
6 1508
165 541
118 1989
128 1066
362 1893
483 785
309 1797
153 770
203 1523
300 550
46 1106
139 541
481 1578
382 868
364 371
124 1655
24 1760
16 672
393 465
124 1548
25 777
34 1437
266 985
146 1709
500 1559
67 912
203 514
37 555
203 1790
322 263
366 141
311 785
309 1404
153 438
365 1945
275 1702
444 1234
217 1069
76 1614
102 1746
77 1599
313 1192
403 153
463 1960
304 1118
35 1889
473 1920
66 314
265 857
109 142
1 938
407 1580
359 82
33 751
42 212
169 685
53 123
285 1827
446 1209
323 332
378 869
122 1244
102 198
261 487
393 1600
147 785
461 423
306 1134
309 1619
484 663
266 1314
418 1995
472 1572
447 1767
299 979
293 1463
268 1845
340 756
106 1569
304 1490
100 1653
295 1300
190 1644
347 231
429 1132
14 692
391 1312
182 1694
206 1818
457 993
228 287
391 1945
67 1711
155 1038
385 966
34 1389
57 1222
231 820
128 865
195 1959
497 835
370 977
127 116
7 1618
114 471
467 587
335 367
488 306
286 639
273 1222
100 1665
334 1723
34 748
268 1073
445 1098
