674 200
281 1351
170 642
81 1980
104 1232
294 436
185 1701
84 1044
257 578
81 332
385 378
176 565
270 1577
113 908
230 1897
493 417
310 1645
79 281
298 293
199 1024
482 1562
144 989
40 1419
491 1191
246 660
158 1337
405 1101
308 1140
136 912
303 386
403 455
62 1628
318 392
180 1565
432 1560
471 970
438 1632
334 1124
281 1291
392 1216
29 1021
476 724
364 862
46 1276
102 1050
73 818
329 1460
212 100
371 449
223 689
26 510
196 830
115 1822
38 393
420 1612
430 117
347 1443
279 1087
157 528
430 1934
274 36
25 1934
391 1864
331 962
59 14
260 1222
89 1226
299 694
27 1929
149 1795
229 381
44 1201
445 289
92 582
146 1089
306 15
319 444
12 1366
124 1039
370 1041
174 1371
2 406
252 83
304 995
57 900
425 802
363 771
54 167
442 339
18 1498
13 939
136 1625
486 889
245 885
193 1096
374 639
65 1310
323 1198
280 579
232 1256
310 97
432 1243
280 633
409 263
451 1782
399 516
306 926
82 1423
138 1592
73 1547
60 29
472 253
38 985
354 4
188 1389
417 1644
482 39
444 1987
272 369
199 157
55 1827
287 268
272 1476
73 1204
289 593
451 420
316 311
139 1860
346 1689
455 485
125 1166
1 1649
5 482
16 1046
436 1634
456 1087
337 1716
48 1574
154 1909
425 889
48 995
39 128
249 1098
331 1754
368 831
35 1734
161 376
318 1146
392 508
73 1533
278 1718
110 63
4 578
373 1471
329 683
55 1861
140 100
133 525
300 84
103 1467
437 1541
166 1213
328 559
328 2000
309 1073
479 719
27 371
368 634
472 792
345 721
20 821
247 1375
467 587
435 1648
268 340
464 1064
348 1531
403 1031
8 1455
231 1539
137 1075
498 1836
86 1599
347 343
113 1214
2 141
271 1738
57 1421
461 225
428 1256
399 578
256 1094
43 635
267 1759
147 1273
82 120
248 494
51 1041
215 1189
243 1203
244 1291