2000 200
140 1442
491 147
54 1888
91 1622
262 439
481 828
18 673
18 119
282 407
34 1115
320 1172
155 643
20 1184
497 988
350 888
43 1747
259 1944
456 673
205 129
76 669
175 594
455 1207
242 1629
404 452
150 647
144 314
150 1105
378 723
156 1927
310 1550
91 551
2 1195
353 1974
315 245
303 1617
73 1402
70 879
479 1791
430 702
487 1136
211 908
414 1431
78 970
405 1428
29 1983
166 1225
147 1106
60 270
458 1465
310 1799
143 579
284 916
199 190
482 507
462 486
420 1193
321 1605
240 1838
245 1266
272 492
350 1253
278 527
467 1027
452 395
150 858
314 1072
208 1428
290 1600
227 156
258 118
341 902
40 1291
190 925
234 1977
450 1997
83 1252
375 1956
283 76
106 1643
463 1852
365 281
73 1461
135 1276
83 1160
464 130
480 452
399 1760
494 407
448 766
17 1752
51 765
163 811
100 1163
43 542
228 1322
9 478
416 1770
419 1543
361 801
295 719
1 325
46 177
348 1705
342 77
431 1395
159 89
360 986
273 345
163 751
94 1771
492 696
389 1225
215 1713
496 399
398 98
7 1175
188 509
119 960
116 256
335 391
79 1357
284 1691
40 1703
468 1729
341 1474
270 363
315 67
122 820
23 1695
49 1818
275 369
32 1166
170 458
30 1385
165 533
77 639
258 390
453 93
388 1437
351 144
319 862
463 1498
351 1738
438 1257
398 1723
271 565
396 1653
250 1675
175 1404
297 1887
415 1908
350 1956
215 290
220 1373
84 1042
468 608
286 1228
181 708
49 1427
161 535
349 1155
343 1455
296 683
333 725
16 1630
90 590
106 384
496 820
58 561
315 317
154 459
176 1119
93 1987
325 1988
169 184
24 1209
432 1072
125 1004
339 1707
428 173
159 1528
132 1368
156 1783
66 1558
398 255
398 1189
461 1839
297 363
346 728
498 1030
173 497
363 1204
214 1422
193 592
345 231
151 493
206 527
412 678
40 46
86 851