14 13 187
9 4
13 3
9 7
11 3
3 8
4 10
4 6
11 9
0 8
2 7
10 4
9 9
1 6
9 11
0 10
1 7
0 1
4 11
4 5
14 7
5 11
13 10
9 13
13 4
5 3
2 5
8 4
8 3
14 0
3 5
7 9
0 7
8 0
10 13
12 11
6 10
2 3
3 4
4 7
2 4
12 8
14 9
3 11
7 4
0 12
8 12
4 1
0 4
14 3
0 2
3 1
5 4
9 3
6 4
9 1
0 3
5 9
6 13
13 8
12 7
1 5
13 1
10 5
14 5
7 1
8 6
2 12
3 9
1 4
12 3
7 7
9 10
9 0
1 2
10 9
5 0
6 11
10 0
10 11
5 7
14 10
10 7
2 9
13 12
3 12
7 13
13 6
7 8
7 0
4 3
13 9
10 8
5 10
12 4
5 8
12 2
0 11
10 12
5 6
6 1
0 5
10 10
14 1
14 2
8 2
11 8
5 12
6 7
1 3
11 5
4 8
3 10
11 11
7 12
12 5
10 3
4 4
5 5
14 6
2 10
12 10
13 7
3 7
3 0
5 1
9 8
4 13
2 11
8 7
2 13
13 0
6 8
5 2
2 0
8 10
11 7
5 13
4 12
11 13
6 6
2 6
8 5
1 11
14 4
6 0
7 2
14 12
7 5
1 12
10 6
12 1
9 12
8 8
12 13
7 10
0 13
14 11
11 10
9 2
13 11
9 6
14 13
2 2
6 5
1 0
1 8
9 5
6 3
0 6
2 1
8 13
12 12
3 3
1 1
6 12
13 5
7 3
4 9
7 11
4 2
11 6
13 2
11 4
10 1
8 11
12 0
1 13
