567
87
-1
17
-74
98
11
34
75
30
83
16
-56
-50
86
54
69
65
31
64
-12
-93
-97
-84
59
9
36
67
-97
33
8
-19
82
47
-38
25
-87
-88
-83
7
-13
-24
4
96
31
96
-96
12
-25
-27
76
54
40
-41
-64
25
88
-92
68
76
81
-59
-63
-94
-96
-17
83
-49
-97
-19
5
-91
-11
55
-72
32
-17
-39
26
-8
-80
-65
32
-11
-29
30
-86
-21
-27
12
-100
80
-73
-47
-47
30
-76
-15
-69
59
-58
46
2
90
7
16
73
-82
21
-74
54
-39
-92
84
1
59
-95
73
65
-90
100
86
94
-65
2
-58
-13
-65
91
-90
71
-35
-65
9
83
36
-99
54
-18
-66
-60
34
39
20
60
12
-82
50
-33
-63
-38
58
89
0
28
58
-82
84
-100
72
62
27
35
64
-25
-42
-62
73
12
-84
30
-86
17
-80
-94
25
6
-3
-68
-40
9
52
-100
56
-90
25
14
80
-67
-97
20
-85
-75
-12
-54
-91
-14
-24
40
-43
-46
50
39
67
72
-93
89
-10
-5
-100
-65
-83
-12
99
72
-5
-31
71
-17
-65
-18
-90
0
-53
-62
-23
-10
-61
-7
-94
-22
-84
39
45
-40
16
65
78
-69
-26
45
-61
64
-96
66
-83
-32
-93
-14
-15
81
-98
-63
-26
2
32
31
7
-100
-76
-88
86
-11
71
-40
-56
80
63
36
-6
66
-3
-7
-35
-5
61
18
-31
5
80
-57
81
-99
40
-61
56
74
4
-23
-74
16
30
94
-37
-9
-86
-16
-64
95
9
-56
-71
-56
40
-43
-60
-87
-66
-9
-49
62
72
-82
89
-54
22
21
-24
93
20
21
85
-98
90
63
-24
-27
-18
83
76
-50
-70
-22
58
41
2
-64
13
83
-50
6
53
-63
-71
-99
-71
100
-93
16
-29
79
-40
49
-27
-46
-22
38
-43
-12
-76
53
26
3
25
-55
-4
50
-22
-84
-19
-26
-18
-24
-14
80
89
50
-8
10
46
-75
-97
35
-62
-90
18
-9
-32
-68
1
-47
0
79
0
-7
-70
36
-10
-32
53
-8
-87
69
67
97
-82
-20
27
9
-61
20
7
-51
31
-47
-24
41
-84
-9
75
-37
-1
-37
6
99
-6
10
-41
18
24
-84
-88
-100
65
47
20
-41
-4
-18
63
50
19
-37
-42
21
-33
77
-86
-28
-96
-58
62
-75
-85
-98
-84
-12
-83
93
-95
34
-19
85
43
92
8
-31
64
-31
40
-68
-57
-74
40
-15
69
-33
10
-22
-57
92
-23
-50
-83
-70
-93
29
-28
-52
-54
20
50
11
-67
-5
49
78
-48
20
66
-40
-88
-43
31
33
-81
32
-70
-23
-91
-4
-56
53
-62
15
40
98
-89
85
31
95
47
26
23
-22
44
-26
-3
-4
-13
-59
-98
70
2
65
93
48
39
-11
21
64
-93
-85
-46
34
-4
-50
-12
63
77
-22
-17
10
-92
-49
23
6
-47
15
-96
80
22
53
-58
-73
-60
89
12
