1022
63
66
-58
0
-84
-7
64
-77
88
-72
65
-69
70
-48
-19
-92
-20
-39
73
-6
-82
-8
-62
-30
-8
-72
-40
-49
-24
-58
-15
-66
-71
-76
95
89
75
49
16
81
-7
71
-45
36
-55
60
23
-64
-74
65
38
-20
-50
-66
68
-69
-57
-19
65
-66
-75
84
-83
20
-16
69
-36
76
66
4
-22
56
-2
100
48
63
7
52
32
-6
85
-25
73
14
-2
-15
29
64
40
29
-59
-98
17
-54
92
-71
99
-28
-36
44
-96
-38
39
27
-63
55
-32
-12
-35
22
21
9
80
18
-45
-41
-85
-86
-49
20
-31
-72
-58
26
-8
-74
38
10
-58
-76
33
-11
62
20
77
57
-93
29
-87
-82
69
20
50
46
25
-94
-23
3
-97
15
-94
-79
94
29
-54
89
27
-18
84
-61
-90
-13
-60
22
76
-24
73
90
2
-14
-82
23
-85
-96
-77
-61
-5
-35
33
-36
43
-8
-89
65
-25
-34
-65
-34
-68
50
83
86
41
-88
-99
-64
-16
-95
31
34
-17
-94
-79
88
-88
-79
74
-86
-58
-55
-59
9
58
87
-1
6
49
-60
66
-60
-51
83
-62
95
38
1
-10
84
-75
-12
-18
58
-75
-5
-99
12
-83
69
-1
-68
35
-6
55
-18
-44
-92
-1
34
9
-2
12
-6
-9
67
53
99
-25
-63
-17
47
53
-18
-76
-88
13
21
-90
-70
82
22
-30
-28
-75
-16
16
-49
-12
-82
2
56
-17
-75
78
43
-41
94
-35
72
26
58
-93
-78
59
28
85
-49
-43
26
87
12
-88
-27
58
85
-3
40
32
85
-97
15
21
18
-74
-15
-84
-12
87
-60
54
41
48
-85
-21
-25
33
-56
24
-65
60
-22
-46
-79
-86
85
100
-9
-13
83
-35
96
-88
24
-81
33
-1
56
55
-52
80
50
85
48
1
-76
92
-100
79
-50
37
-14
-92
-14
92
-13
70
55
-51
-97
96
64
84
-10
-33
53
-35
-6
-6
-19
-26
72
47
60
-13
-65
50
-74
-48
-5
68
8
78
-62
-53
-85
-41
-17
-98
-90
87
64
-90
38
50
-76
91
-95
4
-22
43
-92
-89
-58
49
42
30
-55
-74
2
19
13
-17
-64
-84
-48
-69
78
-33
-47
-71
-86
-64
54
-38
36
-30
-17
78
0
76
39
92
-3
-40
-87
-33
-41
-20
51
82
-90
-68
70
47
46
-18
-4
37
10
75
-47
-70
7
-46
47
-79
-4
-12
-72
-80
-36
-63
89
-29
58
-54
-28
24
89
67
32
-39
-67
74
75
9
99
-95
100
-98
35
-85
-94
35
-65
-81
68
-28
61
77
53
14
-74
54
25
10
-9
-13
-41
29
-14
26
-45
-69
-96
-88
-21
72
14
99
5
35
-38
-63
40
-92
-52
76
79
-96
21
47
-44
-54
29
-61
-12
2
-52
-51
100
23
53
11
96
39
62
3
72
8
59
75
-88
-50
91
-59
17
-7
-72
45
-75
-95
90
85
-80
-27
88
-99
81
42
11
78
72
99
-5
23
63
-2
15
91
28
-85
-51
-48
97
-91
26
69
-15
-96
15
-13
70
30
-72
-16
51
69
-27
25
7
-15
-76
-88
-6
-64
-56
-37
87
-40
-61
-9
58
-78
53
-58
-10
-90
-35
13
57
40
60
19
56
-5
12
-8
-97
-44
8
-31
-37
71
60
-70
86
-48
60
45
82
-51
-31
99
32
95
52
-26
-80
-74
-11
74
98
-39
63
-23
59
-73
-49
72
67
41
55
19
-70
96
-73
-22
40
47
48
-12
-63
-92
-61
-5
77
-60
-36
55
-39
2
-20
66
-5
30
47
-100
-18
0
13
59
-53
16
87
65
-57
-1
94
72
84
-47
22
-70
-9
29
16
9
-27
-51
-97
-55
59
-47
34
-40
28
0
95
39
85
-31
90
14
-68
26
-68
-38
-92
-74
-93
-11
-4
-58
-92
51
-10
79
-77
91
81
90
45
21
37
-55
27
41
78
10
-93
41
-25
78
-68
-71
15
-21
-45
44
-8
50
15
22
25
81
-67
-9
26
-62
95
83
-83
-25
28
-76
-12
19
86
15
6
-72
-59
-78
-30
-40
41
-93
50
15
100
35
90
83
58
-11
-91
-88
17
48
87
-98
84
-76
65
-85
63
-44
62
30
-62
42
60
-84
95
87
-54
-75
-94
68
40
-11
22
90
-90
80
98
47
-27
-95
12
-39
-68
71
98
67
-8
-70
27
89
12
-89
26
7
37
41
95
75
-16
-61
-75
-55
46
13
78
-57
-85
18
84
-43
83
-1
-35
-75
100
-92
82
-63
-34
2
-46
96
-51
-10
85
29
-72
-13
-100
15
64
38
-95
-45
58
48
-94
54
20
99
-30
66
-34
12
-96
56
-76
-65
-11
-99
-8
-52
29
-19
23
-41
-3
-56
1
-41
31
81
13
59
-96
39
-92
33
11
-78
1
2
50
-89
73
-65
-7
1
98
-30
63
71
-16
-54
47
65
-14
-11
80
69
56
-26
19
-81
7
99
-54
95
-87
-14
15
95
-63
-72
-86
40
-46
36
12
-14
58
30
16
-58
2
-1
-62
21
-82
42
-44
-82
35
-43
10
51
-14
48
-66
-46
-97
80
7
29
-19
64
-71
45
-88
58
55
-80
-12
-82
88
-82
-59
-88
85
-88
-100
-86
81
-35
12
32
-1
49
-91
6
-9
8
-89
12
2
-44
-55
-88
-3
78
8
-96
93
