5033
-88
65
77
-42
-25
-37
-8
73
78
25
89
-22
16
-69
42
-49
75
83
-94
20
-10
-97
-95
3
-34
-51
21
90
49
-90
-6
-55
-97
-38
-63
85
-65
-80
65
19
-67
80
-25
50
-47
5
-64
-84
18
19
-27
-68
16
-33
-98
-32
1
30
34
-62
56
-56
7
23
-51
-60
-6
-82
88
-70
51
19
56
25
97
-41
49
52
40
-8
75
78
-53
78
60
20
-91
-35
5
-10
-8
42
-74
27
83
-95
-47
40
-7
33
-4
14
-65
0
41
78
-96
-29
-46
54
-8
-11
96
14
-87
62
-54
-47
-56
-55
-93
-87
33
-12
47
-63
-63
60
-37
13
37
-51
-10
23
12
-75
50
85
-6
88
48
66
-43
94
-39
-40
-57
-41
-65
54
68
-2
-43
-50
49
48
23
67
56
52
56
7
47
-92
-52
16
74
21
-62
-77
15
-89
-92
59
23
-31
-75
66
-79
-3
-18
-7
-68
93
65
-76
-22
60
26
57
-98
21
-78
87
0
-15
-27
-79
-51
-7
-58
68
-67
66
-99
-56
-93
-10
-15
62
-64
-63
39
62
14
89
-10
-46
-61
4
-8
49
23
-86
-55
-33
-62
-84
-70
61
43
-22
77
3
90
-53
-92
-35
-67
-96
-33
12
9
94
50
-61
7
-80
50
35
41
25
29
10
46
-21
-73
-71
-14
55
-13
69
-79
42
11
-46
93
78
71
38
-80
29
37
-82
-100
-81
-77
3
-100
50
55
18
94
-75
60
35
94
-84
2
5
-90
-46
10
10
4
63
-91
11
25
37
-56
-49
-61
25
-65
85
-31
-19
-23
-46
100
97
-31
-41
11
56
-58
76
37
14
100
-52
75
-90
-15
35
5
9
74
-18
35
33
-6
-75
88
16
-4
90
-90
34
70
0
-58
-31
68
26
12
-26
-16
68
-9
42
-37
45
80
-30
12
-98
-75
44
-2
-5
13
-55
-76
-60
-74
-36
-7
-15
-18
-43
-61
-68
-60
24
8
-3
-6
63
-12
-67
-29
-94
5
84
-100
54
-84
56
-96
89
8
-100
64
88
-2
-7
-37
79
-28
-24
-32
15
-60
-16
-36
-84
40
23
-25
9
9
-23
67
-71
24
58
88
-3
50
51
27
-31
-32
-90
-12
31
6
-62
63
-66
-20
98
-16
1
88
-84
81
-4
-33
55
-90
-74
3
14
-44
24
-10
47
-25
-100
-15
-45
-40
4
-85
-68
-21
12
51
-36
77
-68
54
-20
29
-1
-2
7
6
67
12
-21
-12
44
-38
-83
-50
-28
100
53
-67
5
64
-47
33
-10
29
-41
-82
-84
71
-14
45
-64
-53
-3
35
12
-17
42
14
-49
30
-36
-39
43
-84
93
-51
-70
12
-93
89
-6
-30
50
81
-3
16
3
-30
22
26
17
6
83
-63
-85
49
31
-89
42
66
-21
82
-65
72
81
-86
-62
91
-100
91
64
73
71
50
-86
69
24
-55
-58
-49
-74
-42
-61
-12
86
-79
-7
4
-46
22
-59
-36
6
31
32
65
-41
15
3
-5
72
20
-16
-97
-69
-36
16
1
65
-67
13
-73
-33
48
34
-39
1
-32
-35
6
66
-18
-71
-72
35
-4
70
-26
-37
-75
-7
-40
-69
70
66
-5
11
41
44
-23
-93
40
21
-39
20
34
-95
-31
86
-85
-57
-37
-52
-1
48
28
-5
96
17
0
-64
-88
-90
77
74
-35
20
-62
63
31
-45
-68
-72
13
-7
3
56
-8
18
19
100
15
100
-75
-1
-7
-13
-75
51
70
-9
71
8
100
45
39
100
36
-30
-93
-53
11
93
-41
56
30
2
-51
-26
-55
-11
-76
12
-61
-15
-67
-11
3
38
-4
19
-55
-84
71
-80
82
-59
23
53
-72
58
19
15
100
16
-48
-63
-32
42
79
-92
-21
1
-43
-56
-12
-55
77
-66
-44
78
-96
7
-19
97
-53
40
-8
22
61
48
-79
-68
80
-32
75
-64
-72
55
55
38
-59
10
53
69
56
55
-94
33
11
-97
-83
-28
-91
1
-2
53
27
-60
-97
79
-19
76
-55
-64
34
27
63
-64
51
88
-8
-88
8
-94
-36
-28
-74
73
78
-42
15
-33
6
-31
54
-6
42
3
-67
-78
-88
-8
-64
-46
-21
-21
-89
2
71
-45
80
60
42
-81
-82
-74
-75
14
51
-58
-43
32
-59
88
27
-41
84
49
-55
-84
-87
-47
-13
6
-74
27
-88
-66
-11
-87
-70
-67
98
80
-35
47
83
79
28
77
-82
38
63
-11
-91
7
25
99
45
78
65
-76
-70
-20
-2
-25
12
9
35
67
60
-2
0
-63
-62
-79
-69
-15
48
-36
-54
28
-59
-41
94
96
24
-23
30
16
63
-45
2
-15
-51
-66
5
-78
94
25
-46
-81
83
-88
79
61
-55
89
95
-69
-63
-6
24
-85
55
-22
-60
-10
27
96
-35
-87
-77
62
-73
68
-98
8
53
70
45
68
-68
-51
29
1
99
-6
85
-62
-39
-64
-20
-75
57
20
32
3
-75
-88
29
-99
64
-55
0
95
-45
-58
19
54
-99
-16
-24
45
-94
97
53
-24
-63
-12
-70
-70
-21
-72
70
-90
-43
59
-61
79
-10
-22
-48
-90
-6
-20
51
47
44
-5
-97
57
-36
83
-14
12
9
-95
-87
-29
79
62
-42
78
-1
48
9
43
92
-52
53
42
-93
84
8
72
32
-74
17
69
-89
7
-90
-96
-58
32
53
71
-63
-97
29
-48
-77
-26
-73
-50
95
9
-35
-67
-49
-13
-87
41
-80
-32
-31
-12
54
53
17
-77
-72
-80
-38
17
75
78
-59
74
4
-26
-35
-93
54
-84
24
-99
29
65
38
-15
-53
-17
18
83
-69
1
-74
-84
-64
64
-3
38
92
-84
38
98
-2
97
9
-48
50
-32
0
7
67
93
31
-8
30
55
50
94
22
-42
37
-22
32
-19
79
-30
-38
68
47
-95
3
63
77
26
22
34
97
63
0
-79
41
12
-35
-9
-90
-58
31
-28
-61
57
-20
-66
-67
-14
83
95
56
-82
-87
54
-13
63
49
91
94
-10
-48
52
-3
17
-71
-39
24
93
-5
-21
36
42
20
-50
95
89
9
-20
85
-20
-41
-26
27
-79
-98
-38
55
93
58
94
-34
-5
-27
-100
25
100
-23
-81
72
-37
8
39
-35
58
57
-69
84
26
-71
-13
77
63
36
98
-71
79
-56
-89
-62
68
73
-24
-15
-41
-54
89
24
-7
68
89
-38
39
-39
-34
-83
-52
3
-15
73
66
88
85
-30
0
19
25
91
13
7
5
-67
-90
8
43
45
-39
-25
-28
-18
-47
78
0
53
31
-70
-79
66
-40
51
87
-78
-83
-55
51
48
-80
-21
-5
-19
-25
-38
-80
2
-90
-69
-27
-3
-85
65
41
89
66
-68
23
-70
59
85
65
69
8
61
19
-15
99
-97
-72
58
-88
90
-34
3
15
-37
-89
37
-10
-54
48
-59
60
18
4
91
51
-6
-7
66
70
-100
99
93
7
-92
-24
-25
-11
-77
-84
-71
-11
1
-19
46
26
-10
-12
99
-96
-56
-87
43
-63
83
50
-59
72
11
-77
24
10
-53
-46
17
100
46
87
-42
-79
36
75
-2
75
35
58
-51
59
-73
-47
55
-9
63
18
-62
-36
-19
88
23
65
75
-23
11
-76
28
-27
-22
-50
-34
43
35
74
9
0
66
-81
-57
38
-73
60
-63
-9
-9
-36
76
-5
87
-84
0
-88
17
85
23
25
73
-69
65
37
-53
-39
-46
-90
88
89
-3
84
47
70
-8
78
-11
-7
-6
85
-27
-62
-88
-97
-72
83
59
40
63
43
-42
-41
40
-21
-74
40
83
-10
98
17
-79
-94
-83
-39
7
15
-96
30
-34
-69
71
-81
-19
-88
95
-76
-90
-68
59
-73
56
62
-44
-26
-58
-1
84
-42
63
1
32
93
70
33
37
-47
66
-6
53
64
-87
-6
70
-55
-55
91
-16
67
-37
67
33
-72
4
24
54
52
82
-71
31
-37
-23
6
-31
-3
49
49
-50
-35
22
-57
-85
9
1
-100
-13
37
-12
-16
75
-40
97
98
94
-72
81
-55
-34
-61
2
81
-20
-61
-84
-41
-18
53
43
50
48
75
-100
99
-59
-75
-45
-41
-26
-31
-22
-36
-40
91
58
-74
-79
53
16
-61
26
9
92
-60
17
18
29
25
-99
-55
-86
9
26
40
-6
35
-72
-54
3
-90
-86
86
-78
25
31
-75
-35
-19
-80
64
44
-72
-55
-29
-71
68
75
31
-78
-74
-47
38
55
4
22
21
18
-49
53
58
-59
30
-41
67
-58
-50
-85
-75
-75
-78
9
49
89
-7
46
-84
68
-78
-68
-70
-56
-28
-63
-68
45
-42
-12
18
-14
-12
13
70
-90
-98
40
85
-97
-88
-99
75
-52
-63
35
-27
-23
-21
-8
81
-88
83
35
25
-9
-85
-50
1
35
10
53
88
88
-4
-96
-58
82
-65
54
-12
60
-99
-30
-76
-39
-85
-73
-23
13
-50
52
18
99
-45
-96
97
-61
-37
35
-81
-89
87
100
-27
-85
-74
27
96
-90
-9
33
-22
9
28
-18
-79
-87
-18
15
16
58
-16
9
88
48
-4
93
-84
-8
-80
47
59
70
-93
-27
41
44
85
-55
-65
78
-14
-37
71
-6
-51
20
46
78
-97
-20
42
-61
1
74
-71
1
-27
-53
36
59
-64
43
-25
40
-41
-63
13
-46
-82
65
-47
-25
-85
70
-97
-88
70
-57
-84
-22
-83
-80
46
-49
-55
7
57
15
-66
45
91
-39
-16
42
-49
-45
-85
11
45
1
47
12
-60
-84
-37
23
13
-98
-4
-15
23
59
96
-19
77
-30
82
-58
96
-83
37
-57
29
68
-100
-63
97
43
-90
-92
31
55
-79
46
90
95
-84
60
-69
2
-53
49
36
27
-23
24
6
-55
47
55
-13
-39
25
-92
2
77
-66
-32
72
-59
-63
3
42
7
-73
87
-8
-2
-88
-69
31
-38
-20
-32
-48
-35
-98
-63
-92
-87
-46
-6
-51
98
61
-90
-79
25
37
69
-81
98
7
-74
-91
92
-17
18
-26
95
65
89
36
21
78
44
-21
90
-17
-21
100
67
-35
-88
-87
-66
65
-10
67
-58
61
-69
-41
-32
100
66
-26
10
98
89
-11
53
5
-57
6
33
-16
-94
55
-16
-51
-73
-53
85
-49
52
24
-51
33
36
17
-33
70
23
-78
-24
-95
96
53
-64
-68
-66
-82
25
-43
6
-45
53
17
-70
-43
62
96
-79
-48
-35
-81
-45
-59
17
-95
29
-67
72
10
95
83
-84
-67
-82
7
68
-9
20
-31
-51
-83
-8
82
-78
77
89
49
-75
7
27
42
27
76
29
26
-9
68
81
-89
44
-67
57
-96
41
79
54
57
49
10
-32
48
-9
-69
-80
-43
37
-64
-75
-12
49
16
75
59
-72
92
-57
-4
56
81
69
78
-55
42
38
24
48
-45
40
-38
80
-84
-22
-43
-76
31
42
52
94
88
-52
-45
-68
30
22
0
-55
33
93
97
-42
-38
34
-40
19
94
-63
0
-17
4
19
76
-25
-81
28
14
-73
-32
84
-24
45
-83
43
-16
41
-67
-74
-42
-72
14
-38
-42
13
-44
52
14
19
-2
13
-21
1
27
-2
-6
-13
-38
73
-93
53
13
-96
-90
32
-39
14
-49
11
-59
-77
58
-5
-80
98
-81
69
17
39
-30
82
36
39
26
-67
-54
48
5
-3
46
-48
52
-37
72
-91
4
87
-64
-9
1
26
87
-14
91
-20
-21
-47
-4
30
-78
46
-41
-25
-7
44
50
-29
-67
81
-4
93
-35
86
18
-23
11
4
-5
-93
69
-87
-96
-58
35
18
-55
-95
50
-90
45
63
-18
-16
-93
12
2
83
-2
-68
39
99
59
-96
35
-23
3
-64
-62
81
-11
-44
-36
-80
-72
85
64
13
-2
-39
58
-24
25
93
76
-70
36
79
37
-62
59
-82
-87
-46
13
27
-32
23
55
-91
-45
7
73
-52
11
-56
-70
-72
8
-62
85
-3
-74
3
-18
87
-47
-27
-61
-88
38
-45
-23
43
-18
40
-31
-85
38
98
92
18
48
85
-37
-87
12
4
-99
86
25
-13
58
-91
48
68
70
92
-38
4
32
-38
16
81
33
29
-42
36
94
75
71
-11
89
-32
26
86
32
19
65
8
35
81
-47
-46
-70
1
-100
2
27
50
-93
40
-66
-82
66
33
68
92
-46
-79
-47
63
32
70
-23
7
53
21
-55
-62
-4
98
34
15
-58
-24
-26
-8
-11
91
-78
58
13
25
70
-77
35
-38
-62
-78
-7
17
-13
43
95
78
95
-50
73
-18
-39
-54
-37
29
8
-86
46
-90
-11
18
-47
-5
36
34
-80
35
39
86
-68
-45
-86
69
28
10
-12
14
59
96
62
-75
24
5
-39
-25
7
66
-94
-49
-12
-50
-98
54
-4
20
14
41
-38
-17
-85
48
57
-25
94
29
-88
-18
-6
71
-24
90
-8
-73
-2
-21
-35
-56
-74
-82
16
53
-63
-87
-18
19
90
36
33
-26
-17
-83
-87
-7
69
70
50
-91
50
-63
54
23
50
-6
-98
54
93
98
-97
-52
98
11
58
-94
-4
22
-97
51
-45
88
2
1
88
-32
-13
-12
-1
-4
86
-93
73
-4
36
-27
31
29
-75
-61
-38
-49
-10
-27
0
-85
61
4
92
97
18
40
-18
-91
-39
64
74
-48
22
80
81
68
82
-3
-13
-70
25
-58
-45
-47
16
34
-1
56
85
20
-9
34
79
82
-2
-32
58
92
41
9
-85
18
9
-74
-38
93
-86
22
56
-87
-52
97
-55
-33
14
16
51
-30
20
45
-89
-56
24
-25
-74
-94
-45
45
-100
5
-62
52
24
-15
78
-97
100
-55
47
63
-7
84
-100
45
-66
-23
-52
-47
-97
57
-80
-73
72
-97
-12
-25
65
-75
96
-43
38
46
-1
-72
-3
59
-25
11
-60
87
-83
-60
31
81
5
-51
49
-64
14
95
51
-79
79
-98
4
21
-59
17
20
5
-26
-88
-99
-42
-93
-3
-95
47
-55
79
51
-33
60
4
23
75
-40
51
-74
45
-40
99
-14
47
-5
66
41
-79
52
5
-9
-95
82
56
-81
-43
13
-13
-56
87
-53
70
-20
34
64
33
-22
83
82
-8
96
39
90
38
65
-22
71
-42
-89
-75
27
-37
81
-58
-1
-75
-34
24
-38
29
-92
45
-61
-93
-66
-62
-82
-52
82
-97
-6
-11
70
-71
-49
13
46
-22
-67
-85
95
35
59
16
-36
-96
41
-23
-99
68
82
-33
61
53
31
79
-89
-38
-64
56
47
-53
82
-73
-76
-40
-99
67
80
68
95
27
-12
-47
-81
-7
33
2
-91
64
-60
54
62
-87
13
69
-41
98
-86
55
-27
95
-75
-50
-58
28
86
-24
-26
-4
33
-15
63
-48
-58
-6
-62
-59
-92
-91
44
90
-60
-76
52
76
50
63
27
23
15
-32
-59
-4
-2
11
-94
11
-27
61
-46
-47
-28
-83
-26
-86
-51
62
-3
-63
-96
51
22
-3
25
94
-94
-80
49
-53
56
55
34
78
-92
-15
-60
-1
24
10
-78
4
-84
-69
-27
28
-21
57
99
-21
-1
15
10
23
-70
97
-98
12
56
-23
-49
-69
98
34
0
44
36
91
-44
77
-34
-50
36
-99
41
-76
58
31
-30
40
0
16
9
22
-81
66
95
1
-51
-86
-37
33
14
17
80
-11
26
-49
-27
34
-88
25
-54
-28
21
-46
62
49
-3
-51
69
-53
43
-59
24
6
86
58
18
97
84
-80
79
-40
-100
-90
28
-86
25
75
81
10
-5
-11
69
26
-99
-15
-11
5
-16
27
-97
18
37
9
-81
5
-82
-51
-63
64
67
-6
100
-81
-21
76
-8
-90
76
-36
84
26
18
96
65
27
96
19
-78
65
-82
83
72
49
-86
-17
50
85
76
-99
-11
36
30
-50
-88
-59
-85
-85
69
95
-63
12
39
-61
54
52
-52
1
-62
25
49
-46
-35
-68
-56
-45
-22
-99
46
-53
62
52
-12
-27
29
-96
-56
81
-38
40
-96
68
65
-84
-84
92
56
-3
66
-41
14
-67
96
64
94
72
-5
-7
-51
-61
69
-49
-83
-43
-79
51
-81
55
23
-99
-91
-25
-46
93
52
-76
82
-1
-93
-71
-88
52
-61
14
-25
-14
-74
-16
-8
-7
42
-60
75
-22
41
98
14
-22
-41
72
-61
-16
-97
-63
-22
47
96
60
7
-43
14
-1
-61
-4
-6
34
57
-19
-94
-99
79
-58
11
-56
-85
-41
53
48
42
58
8
35
-2
-55
-83
-66
-87
87
9
12
32
-80
51
-62
-100
-86
-39
56
30
55
7
-17
-24
69
61
-76
79
-64
-8
-88
86
-69
-48
-5
34
38
37
74
-19
84
-46
-91
-63
33
24
99
3
4
0
-100
-89
-59
-2
-6
-33
64
-15
-10
-77
98
-86
52
16
-14
-96
91
-47
-12
52
-5
46
72
69
41
-21
-27
-82
-46
2
28
27
-97
98
-64
-48
66
-60
19
-74
-29
-48
-97
-54
-82
-12
-42
84
57
17
37
83
1
-32
78
-87
-71
10
-28
-59
-27
36
-71
55
-78
70
-17
-49
-6
-23
-91
-96
85
-45
-65
-31
1
-76
-52
-60
-86
93
95
-44
-42
-84
31
-32
-25
4
-26
-86
-32
-92
-34
-45
-24
53
-22
38
-23
-69
-65
-21
57
83
-50
95
-30
33
-59
85
-11
88
-79
31
97
52
-75
-60
-34
-62
97
34
-52
23
4
-12
63
-7
98
26
-56
4
-36
-75
10
-2
4
-30
-41
-77
90
-31
44
2
-57
99
72
-12
-40
36
37
19
-68
-19
23
97
19
32
-36
-56
-75
-39
36
9
4
78
-96
42
35
90
45
-40
-87
33
-75
-86
-48
-6
95
-95
-13
-39
-27
-81
-70
28
64
-23
75
-41
53
-92
-76
-29
63
32
36
74
-70
26
-63
-50
91
1
-29
80
-78
54
19
16
77
-10
34
86
-71
-45
92
-87
42
6
-95
58
-35
-58
23
93
-47
71
-28
42
94
88
-69
-58
27
99
55
6
16
-100
67
42
38
-13
-75
-72
81
-35
-78
70
-33
-12
-29
35
65
30
65
6
-81
40
-15
-7
-51
0
-53
-25
10
-39
40
-38
-79
80
37
-80
16
6
-78
49
-5
-15
-28
56
17
30
15
-64
-63
46
-52
23
52
88
-87
40
19
13
82
-42
-50
-5
54
58
-99
84
-4
64
-41
-54
-96
-77
-48
1
-70
-67
15
18
-32
87
51
57
76
78
-20
-90
-80
71
-17
-28
-69
73
14
20
-88
99
-80
75
7
69
20
-60
94
-58
-64
-32
-89
9
55
53
-77
-89
24
-43
12
-35
13
67
51
98
17
-53
42
49
-99
-45
-91
-53
-48
-2
47
-14
16
74
7
87
95
-62
70
29
-36
-61
13
-26
73
51
88
-36
-24
-8
-18
85
4
-92
53
-86
41
82
11
64
-25
45
-40
6
27
-64
90
30
-15
-51
82
-56
-45
21
21
3
12
-9
-7
5
29
52
52
-2
-53
-83
-28
-100
-61
54
-16
-71
98
-45
9
13
-94
25
16
-94
96
-2
-98
-32
0
-72
22
-58
73
33
79
-43
-36
83
-17
-2
-19
-1
-18
-92
27
48
-94
-40
-70
-83
65
3
79
15
73
80
-69
-19
-56
-78
40
-35
81
-76
-77
100
53
-83
-97
-48
-36
90
-39
-7
-47
-33
-74
-9
3
-30
51
72
38
-21
92
35
-19
-33
-62
-48
20
-17
12
-80
16
2
-48
-96
42
27
58
-82
24
44
-48
84
-54
41
70
28
86
-8
83
-84
90
68
-68
-21
-9
-72
49
-3
70
64
23
-59
96
-53
-2
-60
28
59
3
37
-35
19
-68
-9
-1
79
-42
54
-34
-65
93
-46
74
-76
52
-57
75
-92
-25
-58
-54
33
10
-26
-48
4
60
67
-84
-75
-9
-60
-77
-49
-8
76
-25
39
-76
-25
-86
-84
73
-47
9
22
-52
-37
16
91
60
100
69
95
84
88
-34
-51
5
-51
48
-44
1
-87
-41
6
53
60
-13
97
82
-22
10
-84
-25
87
48
72
-78
23
46
-94
22
-65
97
8
-30
56
-54
-99
32
-29
-66
-62
61
-5
-28
-68
-35
-33
24
-99
-1
-90
-31
-99
81
64
-9
32
-91
10
-96
10
56
-100
30
-2
55
-38
63
51
-59
-86
-74
-80
-78
23
-82
-23
11
33
-43
21
-25
60
-50
20
-1
-84
48
75
-31
50
4
17
20
-36
48
-18
97
-53
-92
48
-70
72
83
-53
69
-72
-68
95
35
-52
-90
89
-74
11
73
37
-87
-6
73
7
-17
88
93
-93
15
-82
-87
-60
-81
87
-65
-94
-42
15
57
-67
52
-45
73
36
-71
90
-19
-73
34
-15
-99
-1
16
74
67
-32
-17
-82
-80
-92
-29
74
-53
-19
-86
-74
21
-8
70
-76
38
-73
-62
29
-21
27
73
36
63
-18
-15
38
96
-38
-90
0
10
-10
-38
45
2
96
-30
1
80
-35
72
92
54
87
-8
74
-99
42
39
-98
20
-12
3
77
-44
-25
-16
53
-99
-22
-3
-65
47
21
-47
-28
-42
-63
-50
83
-8
-19
31
96
29
-55
-13
16
70
9
-6
-62
57
-83
-96
-98
27
-48
-80
83
45
92
-30
24
7
-22
34
61
48
-59
36
39
-36
40
98
-82
67
26
23
-96
59
10
-28
78
-52
47
-85
-96
78
25
88
82
-100
-63
65
3
12
99
20
79
-57
99
-98
-80
-85
-39
67
34
-53
17
0
-35
-40
47
-80
-40
-58
50
-5
70
49
-50
70
-6
72
38
-31
18
64
46
-78
-68
-83
17
-68
88
-23
79
41
-35
-95
45
-77
-2
-52
41
57
35
-61
74
-83
29
-100
11
75
82
-32
-79
-97
59
-48
-54
87
-12
82
11
-43
-97
100
95
17
74
21
5
-45
16
29
-3
67
-47
47
72
-12
-50
35
-71
-50
-92
51
-90
-42
-93
-95
43
0
-29
90
-84
28
-84
45
26
1
93
81
-28
23
20
-76
-90
55
62
-96
-19
23
28
57
24
-4
23
-62
-1
98
90
-99
67
60
-32
-63
20
95
67
-18
0
-25
-34
-7
16
-55
70
-89
-16
82
81
-20
-52
-5
1
43
-37
37
72
-61
-70
43
83
97
70
-96
38
34
30
90
-50
95
-12
-52
90
70
9
68
-54
58
38
-60
-93
34
15
-2
89
87
32
4
-51
59
-2
-16
-83
20
-54
-1
-45
52
-46
54
8
-30
-60
-58
-92
-41
-71
78
17
-76
51
-93
-30
47
-93
15
31
44
-31
6
-26
74
-64
71
-65
-85
-49
22
45
44
-15
11
33
9
43
-38
-70
39
12
69
76
40
-8
-71
-71
85
-21
-99
-46
67
-72
36
-28
-58
75
43
-94
96
-75
-33
-7
-88
-30
17
70
41
-30
80
-26
-3
-29
82
-89
20
98
92
79
68
31
-59
96
98
6
-26
-5
73
73
23
23
98
-29
48
-64
-41
100
-28
-8
91
-94
-10
-77
-58
50
30
52
-98
73
-54
30
55
-55
10
-14
92
13
98
83
1
21
-27
-58
-71
-26
93
-25
37
-70
98
86
57
37
-1
-33
66
-17
95
57
-68
27
22
21
-12
32
-63
-40
-13
-45
97
6
68
89
-79
41
-100
82
-26
80
77
-85
1
59
-56
-15
30
-97
-93
90
-98
-28
-43
-53
-22
5
77
61
79
-48
-34
12
-9
-10
97
69
-57
-38
-30
-93
5
-2
11
10
42
-100
94
95
44
-98
-50
95
-29
-75
91
-5
71
-43
79
82
58
36
92
12
-99
-15
41
52
-18
-20
3
-79
-53
-79
-62
53
-38
92
-48
100
-11
29
52
94
63
0
75
38
75
-6
42
-3
37
-55
23
-17
82
-52
-93
-53
7
-23
70
-49
-41
-2
38
16
-81
-50
38
89
-88
-55
-64
-88
-30
58
20
11
-34
98
-17
43
83
-87
-81
24
4
-63
49
-68
51
-52
80
0
-30
83
93
-5
-47
-42
82
-78
37
92
96
-27
99
-55
16
73
76
-61
15
-12
7
-53
-5
31
65
68
-14
83
71
-36
-22
-9
-99
-62
68
-40
43
-36
38
17
-47
2
-40
24
46
-88
16
-62
10
77
-50
-54
-73
-19
39
16
92
-91
-75
97
63
76
-35
-6
8
-100
4
73
73
-75
-22
-8
30
-25
-99
85
-65
80
-59
-99
-2
-64
26
28
-83
12
-21
-23
97
-31
22
39
35
82
99
-52
-37
-72
75
-1
9
-92
77
92
-31
86
-16
37
91
28
87
23
-38
-33
-43
-43
56
-1
92
-56
76
-31
11
-79
58
-82
-62
69
52
91
-90
71
-47
2
-67
91
-31
-71
-28
54
84
35
53
-20
-98
-67
-10
-88
16
-27
-20
-85
-69
45
-18
-47
-94
-19
-16
-40
77
17
-7
-65
-63
26
-54
-9
-31
21
10
60
62
-41
51
-4
-75
-68
83
68
-74
-51
10
-17
-6
39
26
59
26
89
11
-2
-38
75
54
-12
83
-16
93
52
54
80
-53
61
-21
-34
-19
0
-1
75
95
-48
-82
16
83
-11
-98
77
-15
25
13
42
-32
9
43
28
-75
-6
-16
-23
-40
-45
-35
-12
45
44
-78
-10
43
-35
-30
-66
15
-6
50
33
83
-57
24
-78
42
-4
-49
-28
-95
-63
-28
-61
-48
36
-78
42
72
-36
-24
70
-33
-84
-86
-45
-78
85
-12
-37
89
-50
45
-43
35
-75
25
54
-82
73
-8
-48
18
66
-74
-26
85
-27
-5
97
55
2
55
-96
7
8
-48
-12
-21
87
-23
-57
-59
-25
-81
18
34
-76
48
-86
65
-35
26
0
-81
45
81
-58
15
-97
34
23
-30
42
43
-73
-57
41
-90
22
-98
36
53
6
-75
81
-30
11
-26
29
-84
57
81
14
-74
-13
-50
91
43
69
-28
26
-87
59
6
37
-39
92
43
-71
79
-45
-37
-82
-93
90
-2
33
12
-43
-16
28
-27
73
-3
87
43
-83
-34
-15
-13
41
-12
17
-43
75
52
40
-36
-74
75
7
-22
-99
7
15
9
-56
95
-54
11
-25
-49
69
94
-15
5
-50
96
-50
60
-85
-7
49
68
26
-75
75
-59
42
58
-39
-98
-55
80
-93
28
50
24
-63
-32
31
-48
-48
-89
57
-75
-68
-92
43
0
-25
-21
-11
46
3
-91
23
45
73
-9
-68
41
-100
46
-98
64
-71
-44
-98
34
44
7
-89
94
-82
-81
83
14
-93
100
-23
35
-96
-80
43
-64
-14
-45
-89
93
-5
31
