10111
63
93
-24
-54
1
24
95
-37
53
86
14
-51
-80
95
19
-1
-20
90
93
-95
-70
41
-52
-40
91
-78
47
-96
45
81
-97
97
94
-67
75
-22
-33
87
84
0
-95
73
100
14
100
-99
-21
-42
-11
70
87
-43
19
-78
-88
12
-51
26
51
80
-35
-77
-14
52
-85
-93
83
98
31
-80
28
83
18
-2
7
3
-5
66
-28
-11
-61
-46
25
95
-34
65
43
63
-19
-95
-8
-46
-91
16
-44
-81
82
6
44
22
55
24
-96
-93
-19
27
-70
-5
55
-96
-43
-43
-97
-17
43
-75
-97
-51
-66
-21
-61
75
21
-67
-71
89
-31
-13
42
-36
99
81
-6
-39
4
10
-26
50
-8
92
-76
-13
-79
42
23
-45
-11
83
99
-63
66
37
-54
-46
36
-15
-98
-61
-35
-22
-10
82
-80
-8
-4
25
-2
-6
-22
-91
-16
65
-55
55
10
-69
-93
0
-19
89
-16
-5
-84
8
13
25
62
68
-99
-54
45
-64
90
2
-98
-87
53
67
62
77
73
16
-93
84
-10
-94
-54
8
27
91
4
82
77
-6
-72
-39
70
-5
28
-43
-96
-53
-79
94
-99
68
84
26
77
12
-71
-80
7
63
-67
40
-17
2
87
18
-34
-53
19
49
4
48
-10
-34
-78
84
-91
82
-20
-4
-24
0
4
-64
60
44
-6
-13
-97
-94
17
88
36
27
60
64
38
77
-74
-80
-13
-80
-82
-38
39
4
18
-70
7
-43
78
58
-71
89
21
-33
52
-29
81
26
-56
70
-13
83
-9
-1
5
-34
24
-5
59
64
79
-47
-34
58
-11
36
-42
10
-35
-22
97
1
54
63
-13
88
62
-96
18
-47
-98
-62
-54
20
38
48
89
-85
69
-6
-18
29
-46
-72
-69
-86
-80
-73
31
-97
-90
48
-14
86
19
38
52
60
21
2
-33
36
-88
-67
25
-11
76
-8
-1
15
-90
71
22
-59
-98
20
39
-25
10
-79
-74
62
-98
43
94
-68
30
73
97
69
17
-22
36
-74
46
-47
38
-16
-9
58
43
74
11
-8
26
64
31
-70
39
-16
13
-43
-47
32
-84
-20
-41
79
-30
70
75
0
-45
-42
55
33
33
77
-16
-82
-28
-7
48
-24
91
20
56
29
27
89
8
-52
-37
-32
-20
-90
-93
2
39
57
19
48
-94
-36
-51
50
46
21
4
88
-38
38
64
-26
70
-70
-21
23
-8
37
-74
51
-92
10
88
63
49
-15
24
95
0
-97
3
91
-36
-26
31
-60
-83
-60
71
-96
79
68
52
93
-31
-72
-38
-12
-72
93
-45
69
96
0
-61
94
9
56
-71
-62
99
-4
41
-42
-74
48
-84
9
45
5
38
-92
3
23
55
96
74
32
-19
-56
34
85
2
-60
32
-3
90
-13
73
42
-23
-51
-54
7
62
-42
-16
-48
38
-33
-79
52
90
-85
84
20
27
63
-54
83
52
65
95
31
-37
39
-4
-36
54
-9
-72
-8
68
37
-10
64
18
-85
-88
64
68
12
-89
88
26
-89
85
66
84
-79
-32
50
36
-69
-88
24
8
-58
19
-24
-22
-61
-11
-22
-42
14
33
12
-74
0
-35
70
-18
-19
13
88
55
-84
61
58
-50
88
-43
0
-82
30
90
4
34
10
57
-19
79
74
-57
32
-6
38
23
-44
-60
-19
55
51
-54
42
-88
-36
-46
-99
-54
4
-41
17
-42
97
-78
88
-48
26
66
50
-100
50
-52
-3
-8
-58
-37
-95
90
84
44
-72
-71
2
18
-20
46
8
100
67
-66
-20
68
-54
-70
-39
2
53
28
-13
89
28
-93
46
-31
-100
-23
30
-66
-53
93
65
-6
54
-60
61
-46
-34
-94
50
-38
-30
19
-78
92
67
75
70
14
32
80
-80
-82
-88
-95
67
60
75
13
-78
30
72
12
86
35
30
-8
-59
79
-92
48
-86
-33
-70
71
24
49
73
-44
-3
-77
31
-67
-63
68
84
-25
-86
-38
15
-1
26
30
21
-4
-94
-78
-53
-90
-5
43
-46
66
93
-39
-74
10
92
-94
-86
-56
2
62
-97
-56
4
93
-46
-2
78
5
-34
-69
44
75
-36
63
-66
-77
-5
-20
65
42
51
74
27
88
42
54
-67
26
17
97
-40
71
42
60
36
17
-73
-27
60
10
-54
-55
-93
-81
-24
4
-47
14
46
-1
-46
88
22
33
81
74
-40
-75
64
-10
-85
91
27
-6
-9
27
-3
-60
4
-64
88
-51
-67
67
45
72
-78
64
64
67
-75
33
-37
-44
30
21
-2
5
-13
-80
32
-62
58
-85
-87
-88
-64
58
8
13
-1
66
61
68
-97
30
50
33
59
12
96
46
-47
98
8
-24
74
-70
-99
93
-79
-25
-80
52
-15
-5
19
13
56
39
10
-3
10
-43
-26
-86
-80
-72
-55
54
-36
-40
36
-75
11
-80
30
67
83
-88
-20
-54
-14
29
89
-13
45
-57
-2
-19
43
-32
6
-8
74
38
20
57
80
-13
26
-32
5
85
-81
-13
-63
45
44
-77
-25
-36
99
6
8
86
-34
-62
81
47
70
50
-8
10
-83
99
-57
42
-31
-93
-95
88
-61
-86
90
79
-83
85
-35
23
93
56
9
-100
57
5
48
-80
38
57
-13
-18
-94
0
83
-59
51
76
-13
-13
42
49
-74
-72
-65
-83
57
-85
73
-95
-85
4
67
29
68
4
-80
-73
-72
-89
-77
-49
16
87
-8
94
38
-22
70
59
-85
65
-35
-48
63
17
-99
-82
-78
40
30
-75
75
59
86
2
22
-55
71
-51
73
-100
51
50
-86
-33
62
13
21
-30
-62
-29
-83
95
-36
-24
55
0
-2
-58
56
91
45
67
86
-39
-42
-100
79
-40
-92
59
51
20
30
-69
34
-54
-9
23
21
-70
-56
-81
-5
-81
-69
66
-94
49
59
6
70
25
-92
-14
-56
-58
37
-20
-92
-21
-77
-67
76
-99
5
-99
91
50
69
88
51
84
-29
-72
55
63
59
-54
-25
78
19
-20
-90
62
52
-17
-16
-96
-56
-32
78
39
-92
98
-36
86
-85
90
69
64
54
50
17
-40
-66
24
77
-56
37
-45
81
-90
67
60
-86
57
92
36
94
-47
82
-70
-100
1
72
93
-11
-55
-39
4
-62
63
12
-7
83
-10
-68
37
37
-91
81
47
-40
-8
-14
23
86
1
28
-66
-20
-96
28
-81
-29
-13
-52
73
-100
97
-83
-25
59
48
60
-42
-26
88
-58
-90
-12
93
-49
-53
30
-35
72
71
-24
-65
20
-49
-41
46
19
-22
-20
2
15
70
-70
94
-75
-5
11
65
8
-96
86
-77
93
89
-49
-49
13
40
-7
-39
-27
-25
-43
-94
-11
18
55
38
10
-61
68
-9
66
86
-54
-57
-71
41
24
-85
66
-98
7
72
-38
-31
-67
60
95
55
80
59
-94
12
100
-87
26
-76
-38
-76
-36
-68
-93
22
-68
-65
-53
-14
77
58
4
26
98
-44
11
-69
-51
49
27
74
-8
79
-4
51
-49
82
35
0
-100
-96
-59
2
-71
56
37
11
38
-67
30
-75
-17
-33
-100
24
-78
86
-10
-35
95
-55
17
-18
38
-30
98
49
72
-59
-44
-84
-77
-18
64
-31
-36
-11
-65
12
-78
39
-57
54
-61
0
44
-98
-21
-58
-69
61
-36
-88
62
91
49
-47
82
75
-33
65
9
95
-47
75
-91
91
-95
-90
53
58
-75
-7
-54
-16
44
-90
-51
66
-58
1
-51
22
18
1
40
-44
-56
-89
-65
86
30
-52
-97
-34
-14
-62
49
-49
94
37
-65
-6
34
-94
-61
8
13
-16
-92
52
-84
-54
-62
13
-59
5
-24
-88
14
45
-14
-68
-76
76
-99
57
-41
-77
25
-31
-39
28
-44
-19
66
40
-14
39
-95
-24
-5
15
-71
56
54
38
-49
-22
50
90
43
92
-43
-5
-86
68
98
62
-81
58
-97
53
-89
47
6
-41
48
89
-47
85
48
-92
65
-44
93
40
89
-46
66
63
-42
45
10
63
51
-95
19
-63
-56
-43
47
13
-43
35
-95
40
27
96
-51
78
85
77
-44
-28
75
-48
1
52
-54
48
86
-70
-60
-24
59
28
33
25
-50
-55
-52
41
38
79
-94
60
-48
-9
100
53
49
48
-45
27
-39
-69
12
17
-49
-46
-33
-85
90
19
-94
97
48
57
83
93
73
-65
-52
92
-25
-70
49
72
-64
39
-5
-81
-89
-14
-7
6
-33
-64
-66
38
-28
-5
51
17
91
28
-54
-42
97
75
89
-63
-88
62
-73
25
-39
30
-63
76
51
-6
-67
-59
61
30
38
-10
40
91
-31
-29
56
-2
-61
-64
11
-46
-68
17
-15
43
-23
-59
38
-24
-6
18
46
1
88
39
43
3
90
-21
18
-83
87
95
-37
53
10
-87
56
-69
-86
90
32
-90
-2
82
-63
31
52
-91
51
79
91
66
-9
-57
11
-81
-31
-21
-93
98
-54
58
87
26
81
3
20
-41
-49
-76
38
29
84
-99
-64
-84
-67
-69
-56
-28
4
-81
78
-85
67
93
-78
-52
76
0
14
67
49
-93
74
-35
-60
-60
67
59
-43
19
-80
43
31
-69
-59
-41
-98
83
35
58
99
-47
-66
68
-21
-90
12
96
-97
-26
-13
-81
-24
45
72
23
14
-79
-87
-48
-67
4
100
-47
75
77
62
97
60
-62
31
-36
-23
-47
-10
60
18
46
48
-31
-31
-28
56
-97
-100
26
8
26
-61
-83
12
-53
95
-7
-46
-39
-19
-91
38
73
-21
79
-62
61
15
-61
41
75
15
-69
-39
-68
13
-29
62
7
49
-84
-34
35
-70
45
72
-86
25
-21
54
41
-14
64
94
-54
-42
-4
18
-96
-90
-31
18
12
-18
33
72
-96
-84
-10
31
49
43
54
80
-29
86
-62
58
85
35
-15
-54
-6
8
94
13
-38
59
96
-80
36
0
33
-32
96
59
-1
48
94
-8
-47
50
63
44
-7
18
-25
-39
-55
15
19
-58
-99
-10
-15
72
54
20
-10
7
-10
-23
20
-23
-18
45
74
19
79
78
77
16
-44
28
-22
68
-88
-3
17
-82
-18
76
-75
44
43
94
-26
-31
-53
68
-34
-75
76
-29
62
33
-54
54
77
92
-73
-87
99
-80
84
38
-79
-12
-76
-32
-86
-29
-6
35
71
-98
47
-78
100
23
47
-54
58
74
-81
62
-89
-32
-74
74
-13
23
63
95
-59
-62
-66
23
-64
68
78
-51
1
53
-59
9
35
-100
-67
-52
-46
-71
-82
94
77
29
47
4
23
-81
-58
-70
-95
67
36
7
-81
88
10
-59
-2
61
100
79
-93
34
-31
-80
-31
91
-36
89
7
-54
-58
65
-37
26
-59
-92
-4
78
57
-87
-45
-48
22
-18
-52
100
50
-32
-37
75
65
1
-50
17
32
15
-23
-70
-48
41
-50
83
36
-77
-9
38
64
-57
58
100
14
36
18
89
-54
-72
23
-86
0
-92
-76
3
-31
12
57
-27
38
-73
83
-74
-64
80
-73
-9
-46
-7
-18
-57
-77
41
24
-73
12
34
-22
-4
75
85
10
49
44
84
-98
-93
-88
-15
-64
80
100
-98
-23
99
-74
40
97
-40
-14
-40
81
85
-19
64
54
5
83
-5
45
51
-81
-47
19
86
-48
-25
42
80
-70
99
44
38
-82
61
14
-31
-33
-19
-83
99
-48
-70
18
-44
37
-13
17
-78
18
97
3
-33
-28
-79
1
-97
-75
74
17
46
71
87
-67
72
-1
-65
79
87
18
-100
-66
-28
40
41
-55
-40
65
-15
-12
-95
-17
78
-12
-4
-50
-90
22
13
72
-10
42
-98
-73
92
35
-44
51
21
59
-56
58
91
94
65
13
64
-11
-29
75
97
54
13
-19
46
87
93
-12
40
-27
-81
-80
-11
43
22
-93
-9
91
-21
98
53
-9
-68
-14
-57
79
-21
4
33
-39
46
-11
51
60
89
-48
91
87
8
-69
-93
-3
56
21
-27
-41
-13
-69
24
33
-18
87
-19
-99
-58
42
73
-89
-43
69
-59
69
99
76
-29
-99
15
4
70
-64
-72
-40
85
-94
69
-28
10
99
-46
-17
-1
-55
-37
-24
41
98
50
-67
58
23
39
-13
48
46
87
-67
67
-14
77
-72
-71
-37
63
8
-28
-95
-41
94
17
2
50
-85
68
-35
50
80
28
66
-57
9
-82
-72
40
65
36
-64
-48
5
-47
-29
84
-31
-42
67
41
-82
61
-10
99
-34
-3
-67
-7
97
-57
18
-59
-97
-11
59
-30
-1
27
-33
90
-88
92
-28
-37
40
8
71
-21
79
76
-35
59
93
-29
-51
-39
98
83
-78
56
57
-15
-26
93
1
-37
-68
-26
13
-80
89
74
-17
-56
24
97
-92
6
31
27
-75
-98
41
77
64
14
16
-87
-68
80
4
-59
45
11
-78
-18
87
-7
85
-48
41
-57
-27
-17
6
-93
32
9
66
61
-55
66
-13
-47
90
66
-74
-63
-4
18
61
16
75
-33
-73
42
-40
75
-84
-24
85
-10
-45
0
68
-56
-13
61
-42
-6
-19
-80
-99
-34
-77
-83
-84
70
-10
-55
-42
6
-67
36
-40
-90
-62
81
-9
18
92
-91
26
37
96
90
-50
50
41
-93
-67
-39
-96
-83
-74
-1
33
-44
42
73
95
27
32
91
77
-27
-60
2
53
-81
-44
29
47
-94
-26
-64
-10
-4
-23
46
58
0
67
-56
50
25
-62
-66
39
-35
-5
4
74
8
92
55
-19
-46
40
-4
49
-22
49
46
-49
-14
-56
-24
-39
75
-41
65
33
-2
-56
47
98
-38
-6
14
55
36
-15
-50
-58
74
-65
-68
-85
-27
52
1
71
51
-8
-40
24
38
-9
-32
-35
41
-24
9
-34
-45
48
7
88
61
-55
50
-7
42
44
37
-39
-48
54
92
48
58
-22
78
-26
75
-89
-25
-31
-56
-42
61
-36
22
40
-24
-66
51
15
-25
-89
-3
-76
24
44
-83
-58
-53
86
-16
-7
7
-40
-70
31
-26
4
48
21
42
-38
-23
81
-90
-84
71
-44
-80
-14
59
-10
-72
87
47
-31
-11
-69
24
-42
-53
17
88
-69
19
79
22
70
44
75
-37
-16
37
-43
-18
36
-92
-67
100
-86
-79
63
13
-89
36
-50
-89
-36
24
67
-77
-7
-34
-4
29
-18
-25
13
-86
-12
53
93
-96
97
78
53
-52
-82
9
-70
-50
-70
-74
58
-27
47
83
-42
-95
-58
37
-1
-99
85
55
-79
-21
1
-71
78
-46
4
-94
88
36
45
29
20
89
0
69
6
93
-86
-73
27
-19
-5
-29
-80
-5
67
9
-47
-29
4
-34
95
59
13
-42
89
40
-28
20
57
45
-81
-8
26
-65
8
-86
7
54
-57
3
49
-95
64
-81
-71
70
95
-57
49
83
82
3
-45
62
86
54
-94
-34
-1
36
10
-80
51
66
5
-19
29
-70
90
99
55
35
98
-14
98
-56
34
-35
-33
94
11
-95
83
15
-38
34
-32
-12
56
-97
-42
26
-79
-20
-18
-7
79
4
-36
66
54
50
33
-83
-74
9
30
37
77
98
-64
77
-19
-77
-65
-64
22
14
95
17
69
31
66
-74
-6
-73
27
57
-18
-19
14
-95
33
-44
23
0
-68
52
-13
12
53
56
-64
-13
90
-95
22
28
37
0
-97
57
43
-85
-97
88
76
23
-99
-63
11
-11
-16
-21
45
-41
-48
30
-53
43
31
90
-12
6
11
-62
-30
-98
-50
-34
68
60
86
39
1
-20
-37
-84
-25
-85
82
74
10
64
-11
41
-38
71
-53
-31
67
89
-69
-51
6
-65
-49
43
28
24
-68
-63
78
-37
94
-13
86
83
-40
75
-13
-22
-98
61
-74
-66
-90
7
-63
15
71
-16
5
82
67
-28
54
54
87
-17
-73
27
55
54
-51
-21
70
100
41
63
17
-27
98
-60
-79
-61
-18
80
-72
95
-4
-76
-44
-75
50
36
-78
-57
14
14
-24
51
12
16
-63
-3
-19
64
-26
28
36
-100
74
21
76
-29
37
72
75
-96
1
-39
41
-49
6
-50
-77
-7
-57
20
-73
87
-73
96
36
-84
-9
-93
0
-8
65
-46
26
-64
-1
-9
8
-22
72
-88
96
96
-82
41
-79
20
20
17
48
15
-67
96
-64
-64
26
-27
6
87
17
-78
-54
30
-26
43
39
85
6
99
67
26
62
69
-59
72
92
-29
-41
-30
32
-28
49
72
-42
-97
52
-85
32
100
35
74
-15
-86
25
28
50
22
11
-90
85
-72
8
-89
-21
63
40
82
-57
78
90
79
-62
48
49
89
-24
-68
-8
28
-50
28
-44
9
-88
37
-26
45
-70
81
16
-22
-7
-7
69
-85
51
98
-76
-71
-18
-64
12
15
-96
-23
-44
21
83
64
-33
-33
-24
68
68
-11
46
-33
-56
89
-46
48
-47
49
9
-63
-46
64
0
-82
2
-18
-70
1
51
-63
69
96
18
62
-25
97
-78
-81
-98
67
-42
0
-80
17
-53
-34
-68
24
-12
-30
42
54
85
77
16
-44
4
18
-73
-54
60
-33
39
49
51
-76
64
42
-5
21
8
66
25
91
80
57
-22
-70
62
-53
-55
-50
36
59
-72
15
-24
40
-55
92
-71
-100
57
50
16
-46
48
-66
-89
28
-97
-54
-69
66
-95
-48
-97
-75
-44
31
-40
-82
2
-73
99
91
36
-51
93
-48
-49
-75
-6
-14
-74
-33
-4
-23
-3
-84
76
24
89
-68
-30
-79
-82
-12
-97
-37
92
29
-89
-59
56
99
-81
45
-16
83
-67
65
71
90
29
28
-7
3
-35
24
97
8
-20
47
31
-63
76
-56
28
-35
-87
94
-16
40
49
56
-34
94
-7
37
-60
-65
54
-53
92
97
91
-19
-48
58
-83
88
-19
87
-87
40
49
-56
8
90
25
-16
-36
-63
-30
-6
45
8
-81
74
49
31
9
-88
-91
-40
6
96
-31
-15
65
14
-89
27
-46
-75
-9
93
-92
-15
49
-83
-82
-2
-78
-18
-79
28
55
-84
-49
-62
-63
-38
76
-27
-78
61
3
-89
-61
-19
61
77
38
-13
-89
71
62
-38
74
77
68
62
-58
-99
-79
21
68
-22
-73
29
92
-9
-100
3
22
-32
15
76
85
38
10
13
-94
-70
-98
84
-57
26
-14
73
-36
-48
-94
-14
87
-85
74
37
90
95
99
93
66
-7
-5
-61
14
-95
-11
-99
-94
-74
15
78
-64
76
-46
47
-58
27
88
93
-39
-60
-29
-65
12
-58
-97
81
66
-15
-36
13
-54
92
-89
-39
0
31
-36
15
87
13
69
-93
-33
-42
9
-16
-40
-88
93
-94
-97
78
-75
96
-33
30
-19
88
-15
-74
-36
-80
64
-88
-57
57
0
-39
16
-90
3
81
-22
-42
-94
-16
11
45
-84
-80
-76
-84
99
45
-68
51
4
-47
69
-16
60
-44
-56
-84
80
-10
-57
-49
57
56
-23
78
-76
47
24
-73
46
-14
71
53
-37
11
-15
87
37
-19
-50
-41
58
-18
-44
57
-40
-79
21
-80
-3
-20
-26
44
-4
-63
-70
14
-24
-96
31
-17
-86
85
30
2
38
-3
95
-55
45
8
-3
-3
-10
57
74
-22
75
-79
5
24
62
-48
24
30
-34
-5
-17
64
12
-6
36
67
50
-23
-73
-33
29
-43
31
63
88
86
-58
17
11
-80
-43
-63
15
-75
-41
89
7
-13
-45
40
-33
18
-92
-6
-64
-82
-4
43
-39
-89
25
8
-63
-94
-63
64
-19
-50
48
16
20
-46
12
24
-68
1
-2
7
-35
-63
-46
96
8
-52
-24
21
7
-97
-19
42
72
98
81
-30
32
-4
-14
-89
26
44
-21
-27
91
-76
65
-61
44
42
51
-8
-24
-48
31
14
-7
-57
14
-65
-2
56
-5
-49
-74
-22
71
-56
99
95
-28
-99
13
-95
-32
-82
77
0
58
53
18
-71
25
84
-89
-94
-44
-77
49
79
-41
-39
76
98
60
7
-91
-87
55
27
-16
1
76
-22
-28
18
-83
-67
-20
-10
91
-8
6
73
91
70
-58
-62
-68
81
-77
33
21
84
-65
-56
-92
65
65
67
23
-52
-45
-100
-16
66
-56
42
58
32
74
62
61
-32
50
25
38
-33
78
19
54
25
-100
-73
82
100
-16
-96
-41
-58
-29
8
7
-27
28
13
49
77
25
-16
-62
-87
-72
67
21
-50
-17
98
75
-9
-37
52
-81
-44
-3
64
-51
79
-89
-31
18
19
19
17
-90
-33
40
-20
-68
-89
-16
45
-11
79
-46
-83
-5
31
41
33
-73
19
28
-8
69
14
65
-64
40
-62
-9
89
-62
-97
-72
5
39
-57
-16
-98
-16
-56
-34
-49
-92
12
-50
-66
9
14
-5
77
-45
-96
-88
53
65
-59
-52
-31
65
49
-25
-30
-29
38
-47
-48
-88
16
91
66
-45
-23
-78
-87
-99
-25
-35
-35
-56
11
-70
-8
47
44
6
37
67
11
67
-54
-77
34
-23
12
-36
95
22
-57
-30
-86
91
-16
86
33
-16
33
1
10
-22
55
-51
-20
16
29
-23
-42
-97
-39
69
2
59
2
-3
-81
-97
-79
-94
28
48
-13
-17
79
46
-88
-28
-27
-27
-41
-66
77
-74
-52
15
39
37
-30
59
30
-10
-72
12
100
39
11
-47
-21
-99
-32
-67
-71
12
-52
78
-24
-59
96
-53
-38
-98
-59
-7
-88
-18
68
-60
-68
-86
-85
-63
92
-38
8
-15
-50
59
32
15
53
-55
-69
32
-80
14
43
-59
33
-100
-15
-47
-89
-71
-61
-40
-18
42
-22
37
20
86
53
-95
-68
-45
-60
-2
3
38
76
-82
-95
-16
23
-80
-33
67
79
24
76
-24
-34
64
41
-62
76
-71
31
61
24
-72
36
90
69
-94
48
70
99
73
57
61
-53
-29
47
-34
81
-16
67
61
12
73
50
-67
51
-9
-25
-43
-1
98
-14
4
-77
-93
-51
-15
26
83
58
-74
-26
-10
-57
-73
-92
46
61
40
25
-6
-60
-87
-76
-80
44
-83
-82
-81
47
28
49
31
-22
-94
89
-57
60
80
-15
-4
39
-7
-23
-62
-46
-92
-98
83
-66
-92
-84
-31
84
28
-53
1
-63
-11
61
-79
32
28
29
69
-100
-39
9
-29
-49
6
46
3
36
-27
4
-5
-31
-48
94
-15
81
-22
-60
60
94
98
23
8
81
73
35
70
-65
31
-57
6
16
-28
97
96
-95
-15
17
76
-4
-32
-55
34
-38
-38
79
91
-13
-82
-45
-35
100
32
17
-35
6
-63
38
-27
-11
-31
-12
57
8
68
56
-65
70
-86
-44
94
24
-45
-84
-41
14
68
9
-6
96
82
30
13
-77
-21
-8
-32
-37
-20
86
-12
55
25
-1
-99
-1
-97
-19
52
81
-11
80
-11
-18
-22
49
-79
-42
19
-83
-1
99
37
-75
41
50
-63
-98
22
53
-83
80
16
39
-14
-33
44
-80
-83
-50
46
-3
-98
-41
15
-74
80
-11
18
-51
-69
-90
62
-63
92
77
52
92
87
57
48
-4
-68
-40
-44
38
61
85
90
30
-6
-9
-31
-3
82
-64
19
67
-92
-8
16
17
-45
78
75
-79
0
93
-38
81
-52
-79
10
55
76
-38
-14
12
0
-74
80
89
-84
80
-44
-79
-60
-64
-46
63
80
-6
78
82
-53
17
-20
-20
-50
-21
79
-39
-5
96
-22
-98
53
-54
-19
83
94
-87
-86
-51
84
22
43
90
-49
-50
-12
85
28
-37
-96
-53
-5
49
-73
15
45
1
-63
-62
61
-33
-67
-10
-51
-79
-58
-55
-40
-17
-61
23
-32
-61
67
-45
36
-27
-71
13
-1
68
-71
-99
30
73
65
-30
75
48
16
78
37
31
-95
46
-74
-64
-82
39
100
-4
-31
-79
100
-8
-74
-60
-6
25
-91
-86
-98
6
51
-74
-43
-1
-100
-87
-86
21
29
-38
-58
-9
-39
13
82
-7
67
90
81
77
-80
-66
89
-77
-75
-67
7
-39
-2
67
-37
62
-36
65
11
-12
12
-18
44
-80
-78
49
98
53
55
22
-56
18
-85
-1
-32
-75
4
68
-76
100
27
38
91
23
-61
45
89
1
23
-10
-41
-45
-92
-75
58
98
-8
-76
70
60
86
97
-74
-7
70
-73
-90
-95
44
-64
74
2
91
-2
-83
-61
-84
69
16
43
80
-76
-40
-82
-55
-86
76
70
-85
68
6
94
75
-100
37
-100
2
76
-5
99
67
-31
15
38
-83
-40
-2
-34
49
-67
-38
2
-91
7
47
72
28
-96
58
-26
-3
-91
54
-88
-34
-91
-52
89
81
45
-21
8
60
-27
-94
3
26
61
12
-94
-16
31
15
-80
-61
-36
44
-2
-56
84
-81
-86
34
-20
7
-77
50
29
34
10
-42
64
-7
21
49
-26
76
-37
-100
-87
64
66
41
-96
80
15
20
-32
-13
36
-9
40
4
-90
92
-25
40
-70
96
-67
-100
69
-68
-75
-85
-87
-31
48
80
-85
11
-35
100
-37
92
37
10
9
-45
-51
51
8
59
82
-30
-61
18
-21
99
20
47
-28
-97
28
80
-28
90
-7
75
-5
58
-5
-88
38
60
-73
-75
34
66
-91
-53
-18
-57
-66
-18
71
-40
34
-4
-94
-7
88
72
-49
94
7
10
60
-92
46
-85
46
-84
-31
10
13
42
-8
-73
19
71
-52
13
90
66
16
-28
-28
-54
-4
-91
-69
-11
83
-33
-54
-80
-91
-69
-77
71
88
-44
-68
-82
-68
-53
99
-41
-17
-15
-96
38
4
97
-59
-29
-85
-50
-42
81
-65
73
-88
-4
25
-20
-68
-98
-79
-36
-1
-45
-70
96
56
54
100
-74
97
6
87
-9
-32
-90
57
93
26
-42
2
63
44
-23
68
-45
25
-71
-80
-6
-90
91
99
5
-58
56
-80
49
-6
40
-69
75
74
7
-26
-32
-24
36
91
59
-55
-18
19
-95
-82
5
45
68
81
-36
-53
19
39
69
42
-99
56
-85
-48
42
79
-57
65
-36
-19
23
-81
-79
-76
-28
-47
-43
-74
66
-52
-52
13
-56
-41
-99
56
31
-45
45
66
87
-76
-82
-10
-12
-40
42
-68
12
-30
-53
-67
24
-41
21
75
80
-20
79
-59
34
97
-10
-96
-91
-21
93
64
76
-61
-68
-58
77
-48
94
-31
51
-36
83
55
2
22
-50
82
88
93
-12
23
52
27
3
44
9
-57
62
-91
16
49
-74
24
-27
17
-10
-90
-86
61
-90
-48
21
22
-100
-83
-2
-36
28
-42
99
-15
41
33
-88
-19
-100
-98
-49
-62
-59
92
-78
54
-64
77
80
-25
89
14
-41
77
65
-88
-29
-47
-50
-89
-42
33
-85
19
-82
94
-30
19
85
-54
22
-19
52
-92
-77
-56
-67
8
96
68
5
45
-14
18
84
95
-69
-58
-39
90
26
13
72
94
-7
49
-18
59
-43
58
-11
74
59
-63
20
-45
-31
74
-64
-38
-57
100
5
-1
-61
95
51
8
38
62
3
-82
-18
89
-74
84
42
27
-98
29
94
-11
82
30
-46
81
70
-68
-56
-2
-64
-94
92
-70
-13
-45
38
18
-67
-89
11
100
-53
-6
74
-84
89
-84
-24
-86
78
-1
65
-76
-89
-99
39
-88
45
49
14
9
23
90
88
-48
-38
33
15
-26
99
50
20
78
96
-29
8
-12
61
62
91
55
100
77
1
-83
-80
-41
-29
27
-27
-80
-64
-91
76
34
-86
-39
-59
100
-10
81
-8
-6
1
86
-19
81
42
37
31
-99
31
-78
63
-87
-54
76
-79
11
-76
-80
89
-2
-37
-31
72
23
-44
75
39
-61
32
94
48
16
-17
86
-66
55
100
91
-21
-83
87
-58
-79
-61
-51
22
-74
84
97
-99
63
-24
-39
84
45
-93
39
27
2
-9
13
-10
-49
66
23
91
-95
-81
67
25
60
15
-9
73
-73
-64
49
1
-1
94
2
-55
-16
-6
-54
33
52
-79
-2
0
-19
73
-23
-77
81
-44
79
-90
-22
-92
50
-44
55
-14
0
37
5
18
9
-84
31
-93
48
-38
-68
35
-15
12
-58
-59
-10
-92
-53
-55
-79
-55
77
34
-89
-88
0
-17
48
-41
-41
19
-7
64
-89
-37
78
-32
94
9
23
-3
-62
-65
92
15
88
81
-48
-50
45
-87
44
94
29
83
-70
97
-21
-29
-40
67
-71
-52
-78
87
85
14
43
-45
-74
20
63
54
47
-70
-43
-83
-6
72
-70
-45
94
-11
84
43
-59
43
27
67
21
94
-84
88
11
48
22
62
8
-77
-33
-100
-3
0
-75
-50
-57
-77
-1
-40
-38
76
-62
-48
40
85
13
-53
62
-87
-79
-65
-13
69
-100
-24
71
-19
-85
-35
-89
-11
98
67
-28
-71
-33
-78
-98
21
38
50
52
-18
35
37
1
-27
30
-55
-84
43
-25
79
-72
5
-12
-80
42
3
-51
66
38
-60
-93
84
-25
-17
59
42
-29
-45
-58
35
-25
48
-18
-95
-5
27
86
-97
-74
75
91
78
-35
-73
-11
-98
23
-68
-99
-3
-82
-7
63
-78
-94
78
8
-59
-47
65
9
-73
15
-26
-93
77
28
-10
80
0
92
42
-99
-67
-65
-3
46
-34
-18
-44
35
-47
25
41
47
-36
-51
25
-21
53
22
-76
53
12
80
90
12
27
19
-69
-73
38
77
30
-13
18
6
-55
82
5
-9
26
70
69
-36
0
-27
-18
-6
-45
43
-74
85
86
36
0
63
47
97
-6
-44
-9
14
-85
32
-90
100
78
37
90
-33
-38
-46
-92
-38
-70
39
93
60
39
-59
78
-19
-88
3
-7
-33
-94
74
96
67
-79
53
31
41
-94
85
92
57
-62
-6
2
16
-3
-26
-35
59
29
-19
-14
-100
-50
-26
-97
47
98
5
-50
13
75
-73
5
-41
8
-37
-16
92
41
-43
78
-1
-62
-6
82
39
71
28
-8
62
-18
-63
-3
14
-97
6
35
18
-16
8
-96
6
-71
69
48
-16
-65
47
-71
50
-16
-92
40
-60
48
63
16
-40
-87
-72
-82
76
90
2
-84
27
36
-46
19
13
-59
31
-41
-14
-99
46
55
-88
80
93
8
-84
-48
15
-30
-47
-58
58
-20
52
-7
-33
81
-39
30
-1
29
-8
89
-27
-92
-2
-83
-56
-55
-8
-85
92
56
85
-59
-39
-61
-20
6
41
-55
0
21
53
34
-26
83
71
-75
21
-91
-45
3
-43
81
93
-20
93
11
-19
-57
12
-75
-12
13
-67
7
66
-10
-37
98
20
-35
55
-46
-8
-11
74
82
71
31
59
-83
-53
65
-16
20
52
-99
-30
6
40
92
-88
-17
-61
3
-77
-63
59
39
-4
21
31
47
10
16
-78
-80
34
-19
-96
-73
-57
-18
-47
-2
93
-9
97
-65
-3
46
-60
72
-69
-65
76
82
79
-61
-24
67
49
63
65
30
-80
-73
-68
-51
15
48
96
-73
25
-13
21
-51
91
-74
-73
-98
-31
57
27
26
95
-7
-58
13
3
23
-1
66
18
9
25
38
75
27
38
-66
78
-71
-55
83
73
29
-73
90
29
-28
10
-79
-53
-3
-16
-89
-36
92
61
-48
-60
-67
-99
-85
61
-66
84
91
-16
45
-20
49
41
-8
87
-35
73
-72
-15
98
45
-27
-2
-56
94
-9
-81
20
76
28
-51
-94
45
-18
16
100
-45
57
73
-36
-55
52
70
-29
-39
-34
55
35
-20
-85
17
-57
-69
-14
52
7
86
86
-78
-63
-82
-8
-33
-83
32
26
3
-57
80
1
76
-65
72
83
-30
-16
70
-14
31
-81
48
80
-46
8
-18
-16
-21
66
36
-9
-11
64
-45
72
-64
53
-63
7
-87
-79
34
-3
-7
-49
24
52
-65
14
39
-16
-91
61
-55
99
75
-51
-23
63
-14
-62
86
31
-27
-19
-91
18
-40
11
91
-93
-17
-46
-25
-25
19
61
8
-63
31
-58
11
55
-28
-73
-61
50
-39
50
-6
24
-68
-68
-63
21
-98
-61
50
-74
70
89
31
-3
-36
7
-44
-71
-64
45
42
5
82
-78
-100
-50
67
-50
97
-45
-70
-92
12
-90
25
16
-81
18
-89
-20
-88
45
-43
-1
-1
67
76
11
19
-80
15
77
21
29
-36
-65
62
84
-52
-20
-80
72
1
-75
57
-6
34
-55
63
-51
-47
-25
-58
-86
92
33
8
-95
-55
-97
64
-14
72
-44
55
61
-9
-26
79
-77
-34
3
-69
81
16
66
-76
-25
56
-81
-88
-35
-56
3
87
53
3
92
-64
-47
49
-6
32
-24
54
-76
-51
-41
56
4
44
51
-91
-28
39
-35
27
-54
11
-97
-35
85
39
-50
17
90
58
39
17
8
78
47
-85
13
-47
80
-64
77
92
13
-41
74
-37
89
21
62
88
-30
55
-50
-93
54
6
9
-85
-98
-46
-25
36
89
-25
85
14
66
51
-90
45
-5
-46
97
-91
-8
-25
-40
-71
26
10
-78
4
-9
1
38
89
49
61
-87
-69
31
58
27
-17
-77
87
78
80
40
-1
-39
-14
-72
33
-91
-45
86
-4
-18
-69
-97
-65
97
-83
-7
-64
-88
62
33
93
-44
24
47
91
48
48
-95
-57
-95
-17
-29
62
-2
-22
31
-59
14
4
-42
-66
-96
-20
52
-39
72
-39
88
42
-84
55
44
-46
-20
93
-71
42
13
-9
51
-63
-42
-31
-21
-34
45
8
60
94
-33
-71
64
75
-84
1
6
-41
-55
-62
-54
-55
18
55
-93
-9
-28
65
-19
-30
96
-23
-53
-50
-76
67
-6
1
-86
14
78
-52
-95
-52
-10
78
-66
14
89
-71
60
17
42
-17
23
-7
2
-83
90
-38
83
93
74
72
78
30
-30
-99
58
16
-90
16
69
67
92
14
51
-72
65
89
67
-58
29
79
39
-3
95
-10
100
91
30
-91
88
-48
-6
-95
30
-41
-1
50
-54
23
-68
5
77
-81
-60
24
13
73
-61
30
70
87
-76
39
-81
92
-82
-77
-29
98
-78
-89
-76
-82
-90
-44
-50
-90
99
-7
-2
-65
64
-15
33
57
-9
-44
57
74
15
-8
63
-56
-8
53
12
-4
2
-85
84
19
-84
27
72
65
79
43
-34
-58
-96
-82
51
-85
20
-93
97
55
2
89
-16
-56
8
-2
-7
80
-53
-71
30
-49
-89
29
-27
-13
35
93
-92
-79
30
-35
50
22
-77
16
96
25
44
-77
27
5
-63
-49
-45
-38
-95
-20
37
12
-10
96
-92
-61
-43
35
23
-26
32
-40
-71
70
67
36
27
57
-73
-100
30
7
77
22
-83
48
-76
-24
23
99
-73
-88
-68
-44
0
61
13
43
21
17
-45
-39
82
-6
-63
18
-23
17
-26
-5
86
87
-15
-53
-28
65
-55
-29
40
-8
9
19
-39
56
-88
-33
37
-74
43
-3
68
-60
-84
14
31
-100
34
-31
-94
61
92
-99
61
-72
12
-60
97
1
35
83
93
-10
-5
99
-80
0
-11
32
-70
26
30
-76
-83
89
-11
4
96
-8
-56
-67
77
-40
-37
-87
-86
99
65
-99
-83
36
-62
18
31
62
36
91
-35
-84
21
16
-84
-89
-37
47
30
-14
-52
20
-98
89
0
72
-13
-33
-99
-58
-67
75
-34
-88
81
-49
29
0
86
55
66
45
40
100
48
-100
92
-23
-90
-26
75
74
18
-72
75
-81
65
-70
-4
76
-90
75
-57
-76
-12
-99
56
73
41
-97
-37
24
21
-91
-72
-73
95
33
-53
-12
97
32
-30
91
-53
-47
49
18
15
52
-93
75
95
-54
-10
-14
-9
20
75
-72
57
-7
-39
36
29
-65
9
26
73
-89
79
-74
-67
-48
-96
-92
27
21
-48
-5
-1
19
14
89
61
-21
37
35
-44
-97
-85
-82
-19
60
-96
37
-58
56
10
84
-18
91
-28
54
65
-66
-36
19
68
-78
24
43
-54
-99
-28
-79
-62
-89
56
21
3
-4
40
4
-35
48
99
10
55
-2
50
-72
37
-12
-70
-12
-98
54
-73
32
-48
74
82
-85
56
-86
83
-6
-51
40
-74
-51
-8
13
-25
-48
62
69
94
-15
69
-18
26
53
-100
-66
67
-8
28
-46
-91
9
-91
-25
-14
47
31
-1
98
-51
11
-18
58
-90
-26
-63
-68
-75
67
-73
-100
-41
5
-29
-95
35
-73
-60
-71
-66
93
60
-89
33
47
-71
63
12
52
96
-39
64
-8
-72
52
99
-9
-6
-32
-60
56
-6
38
14
-100
-81
6
75
-67
38
81
-78
-62
-78
14
100
-53
-12
95
-58
-27
-29
-67
-59
89
56
-1
-28
9
-84
24
-40
89
-36
21
-21
66
-90
34
37
17
-39
67
-35
-68
36
-3
-72
-80
-66
39
-54
50
76
-50
-40
-28
-9
-85
14
-48
19
30
23
-34
42
46
72
24
92
-20
-49
99
-68
-47
61
-40
4
16
-59
46
67
52
71
43
-94
-39
-16
-40
-16
47
-16
-65
24
59
-86
-90
-31
53
-59
69
67
34
31
22
-22
21
-42
-38
73
46
-27
63
29
3
31
-83
-93
-7
58
-80
-69
-9
-32
-66
33
92
-61
-26
-82
37
66
45
-92
20
-19
12
21
75
-45
49
90
-41
83
-19
-1
15
47
-87
-56
-34
28
-82
41
40
-26
-65
43
9
-18
-62
28
82
-42
54
34
-21
89
-98
33
50
-77
-87
93
89
37
-7
4
84
44
37
-57
17
75
-7
-60
-19
29
38
61
-89
16
-83
61
99
25
26
-73
2
24
31
5
15
98
24
64
-61
48
30
-41
-99
-39
-27
58
26
-47
89
96
32
44
48
41
1
16
-77
-32
10
9
-73
-26
-86
95
-34
-66
-22
43
40
-39
16
-31
-28
83
-54
51
-67
79
74
-88
-46
17
-16
-10
42
-8
77
71
92
35
76
-14
-17
87
-24
16
23
33
-77
46
9
-85
-97
18
-38
5
-95
37
37
57
-88
58
71
53
-39
33
-45
-64
2
22
-17
-15
59
91
40
-73
-12
75
-86
34
62
37
68
29
21
-19
33
15
-90
-31
43
81
-79
-17
-81
-80
11
15
-64
-17
63
-4
10
-24
-28
-79
41
78
-77
-52
-69
7
38
45
-45
12
-30
-71
-90
-20
3
12
55
75
-29
-41
32
57
45
64
-12
80
-49
-29
-24
89
96
16
80
-36
-76
-21
-96
84
60
-54
-51
23
82
27
82
26
87
94
-2
2
-37
84
43
34
20
38
-72
-13
-60
-40
9
9
-65
92
-93
-18
52
57
-10
32
-12
-26
17
-10
59
10
33
-8
-92
-82
-43
48
-40
82
-70
-79
12
-51
8
-77
-46
6
20
-25
88
-40
82
73
-72
45
54
46
-35
-98
51
-98
-49
32
2
17
-77
-27
-6
-20
95
56
49
-95
-48
58
-68
100
25
7
74
83
63
-4
27
-66
7
-83
-76
-53
-31
10
-54
-79
-70
-61
-77
22
-62
-8
-64
-38
32
86
11
-28
98
60
67
75
47
-91
-38
-50
22
83
-53
-41
-41
17
10
81
61
37
26
66
48
-45
-95
99
-18
35
-8
75
67
-24
91
-49
9
17
41
55
-37
25
-3
-43
-36
65
-58
-42
55
84
-40
77
88
-27
-86
57
46
90
8
13
30
-3
-28
-50
70
-68
-83
-22
6
6
59
-13
-65
73
98
-94
10
17
19
9
-60
33
75
61
12
81
-51
-64
7
61
17
77
-16
-62
-14
-27
-68
82
89
-85
94
-71
-85
24
78
40
76
94
73
16
-22
9
81
-36
-19
91
-77
30
100
99
59
6
84
-82
21
27
37
0
-37
-2
93
-80
-80
65
-62
-51
-93
66
86
40
25
68
50
33
-57
-74
-42
82
-4
-39
-78
80
-18
-89
87
66
24
57
-20
1
-41
-67
-34
42
-9
-49
-91
-90
-31
-39
-64
-17
-22
-65
-44
-91
99
79
87
-55
11
-25
58
-88
50
36
-92
-34
76
30
-35
-38
92
88
-60
60
8
30
7
-32
6
-95
-98
-15
55
-60
-29
-40
91
25
65
25
92
-92
-84
99
80
-30
-94
-61
-5
-70
61
-84
21
100
76
-88
35
-4
-44
48
-58
-69
-4
34
92
-9
-11
99
-30
32
59
-26
-30
-98
-6
13
3
-42
-30
-2
41
-80
69
-68
-27
50
31
90
43
100
5
83
-87
76
8
61
16
70
52
11
37
-78
13
52
5
24
-41
-86
-67
-16
-30
77
7
-27
-27
-20
51
96
20
-67
94
5
-100
36
-84
72
-99
22
-65
18
64
-86
-22
-33
21
-75
90
-53
59
-5
21
64
21
15
91
-47
75
-22
42
-39
60
-13
26
14
-91
-50
-78
38
-62
-52
26
-9
-62
-75
-79
40
30
-25
45
62
95
-60
100
84
25
-43
88
66
39
-20
15
-40
-54
96
-78
51
36
64
83
-76
-24
12
-94
-66
78
27
57
67
98
-1
-95
94
-68
56
-68
-58
43
-34
31
-26
-70
68
-79
-36
95
76
55
96
-57
-68
60
-42
32
-81
80
-11
72
-82
21
-97
-85
68
-58
-82
38
-54
-90
22
33
-73
25
-87
-50
85
-11
45
-72
-91
12
-92
-54
32
7
97
67
43
7
-99
54
-73
-71
-45
-59
88
42
45
-54
-76
30
19
26
-13
43
-91
52
46
1
88
34
48
-92
47
91
-78
18
5
-31
-73
-76
87
10
-73
-93
12
74
-84
55
70
-13
-37
98
-41
48
-62
-29
-26
-96
-54
-75
68
-95
-11
77
-48
67
-79
-65
80
34
-96
16
-6
57
-81
-98
-82
63
65
81
-27
20
-3
21
-21
63
-84
11
37
-17
-32
-75
-35
-45
-54
41
-36
99
-76
81
32
60
27
-8
-93
62
-81
32
-41
2
-63
8
78
-21
19
-46
-11
-18
-85
47
58
91
-9
-18
-17
-29
-8
100
69
-21
45
57
-60
-91
93
93
-57
53
63
8
-96
82
16
48
70
-22
65
89
-38
-58
-99
74
-64
-27
-91
0
17
38
-72
54
-17
40
59
-60
-30
4
-66
83
-40
13
-33
1
-30
-99
39
-56
8
1
-84
62
-99
89
-51
-29
19
-27
-31
76
-41
68
30
-36
-3
-51
-68
-78
95
21
-38
-64
65
-83
-95
-6
98
45
-84
-92
-83
66
70
-94
-2
-45
-5
-64
57
18
3
17
-57
-97
-20
-89
76
-20
-37
-99
61
80
56
6
96
-99
38
55
84
-3
-19
-80
34
-6
-23
-27
-92
-40
-29
43
-32
-100
52
68
27
-35
92
-51
16
-33
68
73
-93
3
-39
88
97
57
32
-15
-31
23
42
3
-95
41
39
-26
91
-64
5
8
88
-11
75
41
-4
-4
74
90
24
83
-19
27
62
-12
-49
-81
-11
-48
-31
-72
-99
-91
-76
95
-59
18
-72
77
1
96
-88
46
87
84
100
-53
-95
57
-96
48
-89
75
28
56
82
82
74
30
-21
-69
96
92
-77
13
27
70
74
-26
-4
-77
32
-12
19
67
67
-14
68
-75
-71
70
64
-74
76
-43
29
3
-71
38
-25
-12
-90
-66
50
84
-10
21
-71
-91
-52
-55
67
75
-78
-97
75
62
49
84
-82
88
-80
-74
-46
-16
-88
41
-16
-76
-19
-78
35
-16
1
-24
19
58
35
63
-80
90
-41
-81
68
-36
50
-2
47
-28
63
61
47
-78
-51
-62
18
-39
62
-99
-36
-21
-11
98
21
68
-80
23
35
52
0
8
-72
-72
-99
-76
-29
44
47
-44
50
-85
61
79
-73
-25
68
25
-8
99
-18
-58
63
50
-95
-59
-95
-78
-79
90
97
19
5
76
100
38
58
37
64
20
-83
22
-38
13
90
65
51
86
78
16
-92
-9
-61
-33
-17
81
-63
-41
52
-32
47
21
81
-75
-93
-79
59
-64
-74
31
59
-89
55
-96
69
-1
41
-30
40
69
90
72
6
37
2
-84
89
-72
65
-64
-49
95
76
72
14
43
-21
54
-72
-93
-49
54
6
71
60
-40
93
-92
-32
-100
-1
66
-59
-29
-25
45
50
2
25
5
3
0
42
24
36
-38
-28
-24
4
23
37
-49
95
-23
-45
92
79
-76
-83
-36
-89
-100
-72
-20
48
51
49
-76
54
21
-9
-12
1
-57
58
65
66
87
-98
39
-5
50
79
-99
-43
82
46
-81
-3
-81
-51
-38
-94
-94
62
23
37
23
6
12
47
2
-21
-68
23
33
98
-54
97
-75
97
-73
56
-86
-96
-25
-2
74
46
-2
-24
52
-17
17
-25
-5
9
51
-13
-18
35
29
-22
-92
-46
49
-98
-43
-95
44
-54
67
84
0
-5
94
-27
34
49
-68
-28
-81
20
-29
48
-56
-38
-77
13
-54
-43
-36
6
-35
20
-33
88
66
42
52
99
95
12
1
12
-44
62
-9
61
-93
-91
-4
-28
-13
-18
-4
-30
0
-4
79
19
-70
-54
62
98
14
74
48
36
-63
-59
-20
66
-39
22
-53
-88
-8
26
-80
40
89
65
-40
5
64
77
96
10
77
-12
87
98
-66
64
-91
97
49
-34
42
53
85
-31
-2
-74
-39
-56
-68
31
75
68
7
54
68
-12
85
-88
85
-84
15
29
-38
-25
96
14
-58
-94
37
31
-70
-70
-21
44
-14
15
-80
67
-83
88
-42
-96
77
-56
33
-64
19
-63
82
-34
2
29
95
41
-73
42
33
54
-66
-87
98
69
-71
86
-8
76
8
-44
99
-74
82
29
9
59
-20
-8
-42
33
-52
64
-89
-95
-93
-84
-97
10
-58
37
61
-66
59
-60
2
-10
41
66
-56
66
2
53
19
51
-54
12
68
-100
-71
53
17
85
-24
-48
25
-90
5
54
70
59
61
38
47
66
-78
-9
18
-56
16
-59
78
-82
-46
88
74
-48
-73
65
60
-65
58
12
-77
37
-47
-40
-43
-29
-54
-73
7
-1
64
-25
40
-16
60
58
53
56
-42
-64
-84
80
1
66
82
-2
-72
-88
6
76
62
-29
-99
-35
-81
-69
-69
-56
-100
66
30
-18
-68
-68
-95
-98
-39
-47
-62
-86
-11
14
-83
77
-5
-37
-1
-78
28
35
-15
-99
0
66
96
33
-42
-100
-50
40
76
-23
17
81
-88
93
-26
-84
-62
24
68
-8
-43
-29
-88
-63
-37
60
56
17
39
-58
90
23
19
97
-50
33
-48
23
70
21
-23
-35
-56
11
-85
3
80
-94
71
77
62
-26
-75
-57
-25
-40
-2
32
23
-74
-68
-40
-76
61
2
99
47
88
-92
50
-2
-96
-65
60
-27
66
-57
-69
62
-84
-28
93
-43
72
-37
-13
-35
96
-5
-1
6
95
23
-55
-47
79
89
-4
84
-43
34
39
-38
-15
52
-2
-36
82
95
15
16
34
84
83
-26
-80
-83
-52
-60
100
-19
38
-96
-23
2
-11
-31
82
39
-28
-68
74
6
32
39
98
-28
-80
-91
-90
40
57
27
-92
-54
-4
2
63
61
-49
79
-13
-59
-73
8
-5
-38
-94
-27
99
-91
41
-64
82
86
-15
28
-82
-96
-21
36
96
-36
-35
-10
81
-81
21
76
53
85
-64
-97
57
-75
42
76
-99
-53
98
45
-80
72
42
-65
24
28
34
81
-18
-12
-48
47
62
38
-24
-25
-71
60
3
41
-24
37
93
12
87
67
-41
81
28
-90
-8
-89
59
-8
-13
56
-67
-6
46
-81
-2
-75
-59
-87
-47
94
-66
-36
-58
82
20
-3
-22
6
-73
-59
-60
10
16
66
25
92
-56
69
-22
8
8
42
6
-17
43
53
-45
12
59
48
92
-85
80
-72
-16
-45
28
-79
73
-63
-70
-87
24
-27
38
32
34
87
-86
63
-57
-45
-38
-98
80
37
-7
12
-36
-80
-95
58
-31
51
-66
23
56
-40
85
56
30
-45
-39
-40
37
49
79
59
84
31
61
65
-35
17
-79
65
-47
-30
-7
-91
8
-26
-54
83
-8
78
1
94
-38
40
-6
32
-78
-65
-66
-30
76
-79
-73
-46
-38
88
2
48
38
29
96
-56
36
-8
-26
41
-96
-52
-9
-55
-74
25
97
-62
-33
-43
72
53
62
59
12
-64
100
-91
40
-50
-91
69
17
-79
52
-85
34
-66
-56
-38
17
-53
44
40
75
-33
21
-40
-87
82
68
94
-70
51
42
-79
69
-72
100
87
-91
-76
22
-88
90
73
53
-89
55
-29
-83
90
-8
95
-79
-20
-5
91
50
11
-19
33
23
-80
63
-19
47
76
31
-28
13
-2
-6
-94
72
62
25
39
30
9
-4
-13
-26
-20
43
-67
38
-30
35
9
-29
-87
-21
50
75
-36
35
51
-22
-49
-70
26
-94
32
-53
27
54
72
-100
-96
-58
6
94
-24
44
52
-44
-58
76
83
-59
41
-87
-53
64
34
28
-33
-68
-27
-93
-3
-76
56
-96
72
42
25
-65
84
4
38
24
15
6
-72
23
-47
33
59
76
34
5
41
81
43
10
51
-16
-52
-51
8
79
-67
65
-34
-63
-44
50
83
96
41
-4
-75
99
32
6
-91
61
-36
8
-96
82
25
-78
-44
-52
-5
-3
-79
-21
-13
16
43
7
-28
-90
-30
56
-55
-21
59
-86
-15
-83
-36
-80
54
-88
-36
35
78
73
-38
46
64
48
-47
38
-24
-14
-3
-39
95
-70
18
-9
42
1
12
-98
72
31
24
-8
-92
96
77
-34
-40
23
-99
97
64
75
17
-100
-41
90
-72
-29
25
81
18
-49
-14
-43
-50
90
-67
67
5
16
44
-1
-81
-66
61
-30
-79
-95
-19
-54
-11
38
20
-26
4
15
77
9
-40
-51
42
-100
9
-10
66
92
23
96
-10
68
-36
-15
-65
100
-65
-67
54
-22
-38
31
-93
-47
-26
39
-29
68
52
79
-61
82
-78
28
8
3
-23
-95
-47
-38
-61
1
43
-100
57
-92
-30
-41
96
-94
56
93
86
-6
32
83
88
-73
33
-55
95
-50
34
51
-75
-79
94
69
-20
-60
-18
-25
63
-86
-24
46
18
-14
95
33
55
100
35
-19
-7
38
-3
-97
61
31
19
24
-54
42
-85
-75
31
-100
-16
-62
-68
13
27
12
-86
-5
37
-96
65
93
89
62
76
88
-81
50
-3
36
77
45
42
76
12
3
52
86
-60
-70
25
-77
-76
-85
48
-2
-45
59
-60
100
-89
18
38
-36
70
-55
60
29
-26
57
-44
-41
67
-5
-70
73
76
-47
-41
-74
98
-16
-41
81
23
-40
-3
81
-93
-30
-92
-83
20
-93
91
37
44
34
-88
-4
-85
18
52
42
-97
4
64
40
-99
-71
95
-62
77
-56
48
61
74
-83
-46
-7
51
25
-97
12
-58
-30
66
-87
87
59
35
-96
71
-84
82
-11
19
-6
-12
-78
-18
-10
-91
88
47
35
60
95
-18
-91
-45
54
88
-78
-92
-57
75
-66
-72
-19
61
-59
88
52
59
12
58
64
83
-80
21
-34
-92
-22
-72
81
-36
21
-71
-94
47
20
86
-87
-31
84
6
-14
32
61
27
-37
-48
28
62
11
67
-89
-18
-15
34
-1
-24
-57
-93
36
69
-38
-60
18
-11
-100
43
-79
-71
60
-28
41
45
29
10
-93
21
11
93
-28
69
-79
0
44
-7
33
87
-21
-16
-30
8
96
38
49
8
-12
58
-70
-8
-79
-11
32
92
-71
29
-50
82
-78
48
-60
56
64
-54
53
-94
-97
83
78
-67
89
42
37
6
21
5
44
-66
9
70
92
-56
47
-38
-15
100
-48
9
-37
-42
-41
-40
-30
12
36
74
60
-73
-25
39
-59
-75
72
-24
-80
23
-89
-22
-86
36
-78
-59
0
-1
-62
-90
-86
30
64
-69
25
-98
-80
2
-47
-24
-82
15
-4
74
34
-97
41
42
17
20
61
48
-58
-66
11
24
2
47
-77
-6
33
-60
36
31
94
87
34
63
-37
25
-61
27
100
-50
-20
-8
79
-17
37
71
-75
-10
88
87
17
34
64
15
96
-67
29
73
55
99
-33
100
-54
95
-53
59
4
-68
2
-100
74
29
17
-43
30
-62
74
35
-17
96
58
-71
88
-43
-4
-26
-70
-5
6
-39
-43
-31
-47
26
87
-1
80
21
98
-8
-92
-7
-93
-96
23
43
44
43
-94
-23
-98
-57
70
-77
-63
-32
-82
-81
-8
70
-42
85
-9
67
51
-42
-88
1
40
-10
-70
46
-5
34
-47
-89
53
-79
75
15
-25
-96
-75
-27
67
83
-60
98
-42
29
-84
-24
-57
33
-35
-23
-29
74
-21
71
39
51
71
66
24
-55
47
72
3
-38
-13
39
-81
-45
-99
24
52
-23
-6
92
18
18
54
-84
41
-76
-54
-46
-39
-79
-21
-99
35
-57
-57
22
82
-100
-1
-5
11
-95
15
-5
4
-93
92
10
-21
36
-85
-4
20
-48
-93
-90
-84
-73
-93
-64
-95
-86
47
59
-83
90
69
-19
-73
86
-81
-73
-12
-67
62
20
-50
99
-56
74
69
-2
-56
47
-15
-86
-69
-59
-49
-100
65
100
78
35
-15
-6
36
13
-5
-72
-53
-93
24
-24
46
-61
-92
-10
79
6
24
-77
31
-66
-2
76
20
75
36
56
22
-77
71
-90
-64
80
91
-83
24
62
72
73
-25
78
-56
-8
-55
65
23
-32
99
-77
98
79
38
-63
7
-95
-27
63
-43
-52
-81
93
22
96
54
34
-26
-10
45
69
24
-52
-78
-25
-80
29
26
83
-61
-65
-14
-46
-73
54
-82
25
-74
-70
-73
