111 1001
77
80
149
175
196
200
203
292
356
449
486
545
608
638
726
779
852
901
919
954
1014
1040
1047
1132
1188
1210
1311
1345
1429
1454
1479
1521
1579
1583
1618
1704
1707
1764
1800
1829
1929
2014
2021
2111
2159
2166
2176
2213
2253
2337
2407
2412
2483
2496
2529
2595
2601
2649
2706
2735
2826
2864
2953
2963
3029
3070
3163
3167
3187
3283
3346
3411
3424
3440
3445
3487
3518
3581
3649
3711
3801
3896
3990
4073
4078
4110
4157
4193
4243
4335
4381
4392
4493
4590
4658
4697
4759
4784
4821
4850
4867
4878
4971
5007
5063
5123
5143
5177
5266
5298
5355
