234 2345
59
85
148
220
228
277
348
420
446
511
595
630
634
644
686
724
824
925
935
1033
1130
1229
1330
1412
1424
1441
1478
1575
1658
1744
1810
1877
1971
2039
2089
2128
2186
2236
2325
2350
2451
2463
2524
2565
2572
2635
2710
2722
2739
2837
2868
2952
3045
3071
3156
3208
3274
3305
3403
3476
3518
3592
3596
3597
3665
3730
3767
3772
3831
3925
4011
4073
4128
4171
4197
4268
4363
4464
4544
4621
4706
4773
4792
4822
4840
4940
5039
5069
5155
5170
5175
5235
5284
5291
5371
5381
5399
5490
5522
5553
5589
5610
5680
5735
5834
5843
5894
5954
5961
6005
6073
6111
6172
6271
6340
6418
6502
6506
6543
6613
6710
6762
6803
6904
6923
6974
7016
7102
7122
7143
7197
7224
7257
7305
7333
7377
7476
7548
7575
7669
7728
7735
7815
7828
7927
7960
7994
8001
8018
8029
8113
8162
8179
8249
8329
8364
8433
8487
8542
8588
8600
8661
8756
8808
8879
8947
9042
9054
9088
9092
9174
9248
9296
9374
9398
9469
9497
9522
9560
9611
9656
9734
9821
9921
9980
10067
10097
10181
10205
10302
10390
10463
10545
10582
10681
10716
10744
10755
10831
10852
10879
10911
11011
11047
11112
11196
11261
11349
11406
11480
11551
11574
11618
11688
11735
11776
11861
11871
11911
11975
12027
12074
12105
12201
12220
12228
12257
12281
12301
12355
12361
12384
12467
12499
