489 4444
14
77
83
116
207
255
311
360
406
490
553
630
705
784
880
952
971
1043
1083
1155
1175
1258
1341
1369
1422
1467
1554
1567
1591
1655
1743
1842
1904
1986
2069
2113
2132
2198
2294
2376
2403
2445
2479
2533
2590
2659
2706
2783
2807
2840
2883
2919
2993
3013
3096
3185
3284
3375
3430
3448
3471
3545
3610
3692
3766
3790
3807
3901
3988
3994
4000
4004
4028
4111
4189
4207
4223
4267
4299
4351
4357
4388
4457
4525
4595
4693
4741
4812
4859
4935
4966
4995
5009
5022
5045
5091
5156
5171
5238
5284
5338
5402
5449
5512
5535
5553
5641
5646
5685
5740
5787
5811
5816
5901
5983
6079
6164
6264
6296
6394
6425
6494
6589
6652
6738
6822
6871
6936
6997
7070
7154
7228
7273
7306
7328
7406
7453
7532
7574
7655
7658
7701
7797
7896
7931
7978
8040
8107
8151
8252
8345
8427
8453
8517
8591
8609
8630
8684
8764
8799
8840
8892
8899
8914
8979
9073
9128
9140
9166
9260
9318
9416
9473
9538
9624
9700
9711
9780
9789
9854
9953
10008
10071
10111
10201
10215
10286
10319
10385
10440
10473
10491
10515
10565
10606
10680
10771
10815
10850
10926
11026
11117
11127
11210
11217
11271
11337
11356
11370
11394
11398
11444
11497
11539
11601
11684
11704
11787
11887
11891
11972
12031
12055
12103
12104
12107
12136
12178
12227
12276
12282
12356
12400
12465
12500
12570
12632
12650
12683
12764
12777
12842
12866
12873
12958
12999
13076
13167
13230
13295
13315
13374
13466
13469
13503
13567
13620
13683
13710
13760
13783
13787
13803
13841
13854
13927
13929
14011
14111
14122
14136
14215
14306
14398
14485
14549
14562
14639
14662
14699
14730
14806
14870
14922
14990
15078
15079
15095
15179
15238
15271
15289
15346
15405
15428
15471
15532
15624
15633
15662
15671
15679
15751
15780
15862
15920
16001
16091
16172
16185
16213
16273
16301
16402
16441
16527
16582
16639
16700
16740
16766
16822
16842
16880
16912
16927
16953
17018
17047
17096
17197
17263
17345
17435
17522
17538
17579
17644
17670
17699
17724
17728
17816
17909
18006
18072
18103
18143
18232
18260
18294
18321
18331
18403
18458
18468
18478
18541
18619
18705
18801
18810
18844
18945
18963
19048
19136
19218
19273
19278
19368
19406
19493
19498
19569
19606
19695
19754
19806
19871
19963
19970
20032
20055
20083
20110
20199
20238
20267
20323
20380
20459
20494
20525
20569
20626
20708
20750
20761
20770
20801
20865
20964
21050
21101
21186
21242
21269
21342
21392
21417
21471
21497
21501
21529
21594
21641
21681
21759
21833
21933
22019
22024
22048
22136
22146
22193
22279
22336
22368
22400
22438
22500
22515
22531
22544
22591
22601
22642
22698
22705
22717
22759
22791
22798
22811
22828
22904
22996
23007
23106
23151
23241
23288
23304
23342
23388
23420
23447
23454
23510
23516
23608
23652
23711
23716
23741
23812
23881
23910
23962
23983
23991
24074
24139
24147
24209
24275
24290
24292
24336
24389
24457
24504
24578
24638
24713
24796
24857
