95
68
340
1700
8500
42500
212500
1062500
5312500
26562500
132812500
664062500
3320312500
16601562500
83007812500
415039062500
2075195312500
10375976562500
51879882812500
259399414062500
1296997070312500
6484985351562500
32424926757812500
162124633789062500
810623168945312500
4053115844726562500
20265579223632812500
101327896118164062500
506639480590820312500
253319740254101562500
12665987014770507812500
63329935073852539062500
316649675369262695312500
1583248376846313476562500
7916241884231567382812500
39581209421157836914062500
197906047105789184570312500
989530235528945922851562500
4947651177644729614257812500
24738255888223648071289062500
123691279441118240356445312500
618456397205591201782226562500
3092281986027956008911132812500
15461409930139780044555664062500
77307049650698900222778320312500
386535248253494501113891601562500
1932676241267472505569458007812500
9663381206337362527847290039062500
48316906031686812639236450195312500
241584530158434063196182250976562500
1207922650792170315980911254882812500
6039613253960851579904556274414062500
30198066269804257899522781372070312500
150990331349021289497613906860351562500
754951656745106447488069534301757812500
3774758283725532237440347671508789062500
18873791418627661187201738357543945312500
94368957093138305936008691787719726562500
471844785465691529680043458938598632812500
2359223927328457648400217294692993164062500
11796119636642288242001086473464965820312500
58980598183211441210005432367324829101562500
294902990916057206050027161836624145507812500
1474514954580286030250135809183120727539062500
7372574772901430151250679045915603637695312500
36862873864507150756253395229578018188476562500
184314369322535753781266976147890090942382812500
921571846612678768906334880739450454711914062500
4607859233063393844531674403697252273559570312500
23039296165316969222658372018486261367797851562500
115196480826584846113291860092431306838989257812500
575982404132924230566459300462156534194946289062500
2879912020664621152832296502310782670974731445312500
14399560103323105764161482511553913354873657226562500
71997800516615528820807412557769566774368286132812500
359989002583077644104037062788847833871841430664062500
1799945012915388220520185313944239169359207153320312500
8999725064576941102600926569721195846796035766601562500
44998625322884705513004632848605979233980178833007812500
224993126614423527565023164243029896169900894165039062500
1124965633072117637825115821215149480849504470825195312500
5624828165360588189125579106075747404247522354125976562500
28124140826802940945627895530378737021237611770629882812500
140620704134014704728139477651893685106188058853149414062500
703103520670073523640697388259468425530940294265747070312500
3515517603350367618203486941297342127654701471328735351562500
17577588016751838091017434706486710638273507356643676757812500
87887940083759190455087173532433553191367536783218383789062500
439439700418795952275435867662167765956837683916091918945312500
2197198502093979761377179338310838829784188419580459594726562500
10985992510469898806885896691554194148920942097902297973632812500
54929962552349494034429483457770970744604710489511489868164062500
274649812761747470172147417288854853723023552447557449340820312500
1373249063808737350860737086444274268615117762237787246704101562500
6866245319043686754303685432221371343075588811188936233520507812500
34331226595218433771518427161106856715377944055944681167602539062500
