43
-70
-210
-630
-1890
-5670
-17010
-51030
-153090
-459270
-1377810
-4133430
-12400290
-37200870
-111602610
-334807830
-1004423490
-3013270470
-9039811410
-27119434230
-81358302690
-244074908070
-732224724210
-2196674172630
-6590022517890
-19770067553670
-59310202661010
-177930607983030
-533791823949090
-1601375471847270
-4804126415541810
-14412379246625430
-43237137739876290
-129711413219628870
-389134239658886610
-1167402718976659830
-3502208156929979490
-10506624470789938470
-31519873412369815410
-94559620237109446230
-283678860711328338690
-851036582133985016070
-2553109746401955048210
-7659329239205865144630
