61
-91
819
-7371
66339
-597051
5373459
-48361131
435250179
-3917251611
35255264499
-317297380491
2855676424419
-25701087819771
231309790377939
-2081788113401451
18736093020613059
-168624837185517531
1517623534669657779
-13658611812026920011
122927506308242280099
-1106347556774180520891
9957128010967624688019
-89614152098708622192171
806527368888377599729539
-7258746319995398397565851
65328716879958585578092659
-587958451919627270202833931
5291626067276645431825505379
-47624634605489808886429548411
428621711449408279977865935699
-3857595403044674519800793421291
34718358627402070678207140791619
-312465227646618636103864267124571
2812187048819567724934778404121139
-25309683439376109524413005637090251
227787150954384985719717050733812259
-2050084358589464871477453456604310331
18450759227305183843297081109438792979
-166056833045746654589673729984949136811
1494511497411719891307063569864542231299
-13450603476705479021763572128780880081691
121055431290349311195872149159027920735219
-1089498881613143800762849342431251286616971
9805489934518294206865644081881261579552739
-88249409410664647861790796736931354215974651
794244684695981830756117170632382187943771859
-7148202162263836476805054535691439691493946731
64333819460374528291245490821222957223445520579
-579004375143370754621209417391006615011009685211
5211039376290336791590884756519059535099087166899
-46899354386613031124317962808671535815891784502091
422094189479517280118861665278043822343026060518819
-3798847705315655521069754987502394401087234544669371
34189629347840899689627794887521549609785110902024339
-307706664130568097206650153987693946488065998118219051
2769359977175112874859851385889245518392593983063971459
-24924239794576015873738662473003209665533345847575743131
224318158151184142863647962257028886989800112628181688179
-2018863423360657285772831660313259982908201013653635193611
18169770810245915571955484942819339846173809122882716742499
-163527937292213240147599364485374058615564282105944450682491
