62
-81
567
-3969
27783
-194481
1361367
-9529569
66706983
-466948881
3268642167
-22880495169
160163466183
-1121144263281
7848009842967
-54936068900769
384552482305383
-2691867376137681
18843071632963767
-131901501430746369
923310510015224583
-6463173570106572081
45242214990746004567
-316695504935222031969
2216868534546554223783
-15518079741825879566481
108626558192781156965367
-760385907349468098757569
5322701351446276691302983
-37258909460123936839120881
260812366220867557873846167
-1825686563546072905116923169
12779805944822510335818462183
-89458641613757572350729235281
626210491296303006455104646967
-4383473439074121045185732528769
30684314073518847316300127701383
-214790198514631931214100893909681
1503531389602423518498706257367767
-10524719727216964629490943801574369
73673038090518752406436606611020583
-515711266633631266845056246277144081
3609978866435418867915393723940008567
-25269852065047932075407756067580059969
176888964455335524527854292473060419783
-1238222751187348671694980047311422938481
8667559258311440701864860331179960569367
-60672914808180084913054022318259723985569
424710403657260594391378156227818067898983
-2972972825600824160739647093594726475292881
20810809779205769125177529655163085327050167
-145675668454440383876242707586141597289351169
1019729679181082687133698953102991181025458183
-7138107754267578809935892671720938267178207281
49966754279873051669551248702046567870247450967
-349767279959111361686858740914325975091732156769
2448370959713779531808011186400281825642125097383
-17138596717996456722656078304801972779494875681681
119970177025975197058592548133613809456464129771767
-839791239181826379410147836935296666195248908402369
5878538674272784655871034858547076663366742358816583
-41149770719909492591097244009829536643567196511716081
288048395039366448137680708068806756504970375582012567
