88 27 1333
19 2
6 20
12 15
23 0
71 9
48 20
13 24
88 7
77 9
66 16
40 1
27 16
11 8
31 24
31 5
44 18
36 8
69 11
33 6
57 16
5 5
5 25
68 15
44 10
80 22
14 6
71 5
58 21
71 6
0 20
6 11
65 24
57 18
1 15
26 14
49 21
65 14
45 4
33 24
0 23
56 26
85 4
68 27
69 25
29 12
32 22
72 11
43 27
73 27
31 20
4 20
50 2
22 11
29 22
27 1
23 27
81 3
74 1
67 25
79 14
68 6
56 2
54 17
30 7
52 23
38 0
88 15
85 24
34 0
54 3
84 1
66 22
67 9
41 18
42 16
20 0
27 26
40 10
60 21
32 10
33 5
9 22
13 12
37 24
78 17
2 25
41 0
56 6
78 24
73 22
19 19
40 8
51 22
18 2
69 3
40 22
39 11
58 11
35 9
2 24
87 9
42 4
14 21
1 11
20 3
53 22
20 7
76 6
57 24
36 26
48 1
87 12
36 20
23 13
77 21
34 11
59 22
14 10
3 0
70 4
54 12
56 5
53 12
75 1
42 25
48 17
13 22
55 24
44 0
8 4
71 4
58 19
41 4
29 27
30 27
82 13
19 8
0 9
1 1
62 1
56 16
60 27
36 9
8 15
83 1
53 21
86 27
41 12
48 18
22 4
43 21
19 27
2 4
30 1
29 0
4 7
40 0
43 0
79 18
10 22
23 23
40 14
72 24
13 20
51 16
28 27
46 12
22 6
37 11
29 20
15 0
6 3
56 15
47 2
29 10
71 21
73 25
77 11
46 5
55 19
17 27
22 7
75 22
18 6
7 13
20 22
63 2
22 17
3 7
56 14
42 2
38 27
76 23
44 11
36 5
68 11
7 22
72 14
47 0
34 14
15 13
82 16
5 23
40 6
57 17
28 26
84 0
76 1
46 26
48 14
17 6
87 15
10 18
83 7
72 12
61 13
38 5
52 11
45 20
32 4
86 6
72 5
32 0
8 24
80 26
3 5
70 20
8 19
86 25
13 6
74 12
5 11
33 16
9 20
23 24
10 3
16 1
44 20
78 12
42 12
36 21
15 10
10 13
77 27
46 16
49 26
58 6
25 1
56 11
56 24
7 23
7 6
49 16
22 23
14 22
36 22
22 0
52 0
67 16
56 21
83 0
17 9
87 24
54 2
79 17
59 1
15 26
35 11
64 19
76 20
38 18
9 19
86 7
8 22
40 5
16 16
25 2
43 16
0 17
49 1
26 1
8 11
63 4
41 27
44 9
9 16
19 11
41 24
5 24
3 25
21 14
50 5
87 6
28 3
82 0
3 16
23 19
48 15
20 14
78 8
58 0
2 13
37 5
79 20
15 3
18 7
39 2
59 17
65 25
68 8
19 25
61 7
54 19
45 8
9 25
81 2
84 12
68 16
26 25
33 9
54 0
10 2
28 18
4 4
22 9
1 5
82 10
36 0
37 4
42 18
73 2
14 13
58 24
19 10
22 14
30 18
21 3
80 0
9 15
28 21
58 15
88 25
65 23
0 8
39 0
73 11
25 26
4 23
69 19
15 20
71 18
73 0
30 19
85 1
80 19
88 12
11 5
31 12
88 23
26 9
55 13
24 26
4 21
81 23
38 25
43 2
30 22
5 8
1 12
60 10
71 22
21 26
13 13
16 21
50 17
74 21
12 14
81 5
79 10
87 18
14 23
5 17
1 25
74 26
66 8
60 14
26 2
64 25
58 10
7 18
63 15
28 24
45 0
39 7
1 24
30 5
5 18
80 25
79 12
18 19
48 22
29 18
31 9
60 12
2 3
66 3
9 8
60 11
61 14
43 10
11 9
26 7
34 16
71 12
24 18
36 24
29 8
21 27
16 17
57 20
77 10
82 18
3 18
47 4
22 8
38 8
71 3
44 22
40 13
78 11
52 25
44 26
27 21
72 27
62 4
63 9
56 10
56 0
67 1
10 14
35 3
27 15
16 2
71 20
68 19
72 3
47 17
72 2
81 20
81 18
53 5
54 9
51 26
70 16
56 7
25 8
41 16
27 27
82 17
49 14
55 2
58 4
85 3
88 18
28 15
4 13
24 14
72 6
41 13
27 12
33 0
60 4
0 3
29 3
88 1
88 0
1 20
60 1
87 5
13 27
60 25
19 3
24 20
76 12
44 12
76 16
62 20
41 2
65 19
31 17
25 24
45 18
68 1
30 2
12 2
80 24
83 5
26 24
61 18
49 15
82 8
15 17
70 2
11 13
12 4
36 2
3 22
20 12
20 1
54 5
33 25
18 1
72 13
38 16
79 8
86 5
53 27
85 18
23 11
21 23
66 2
6 10
76 10
42 0
7 10
58 8
39 24
83 26
1 3
21 11
56 20
58 20
33 3
57 26
40 4
10 12
85 5
67 27
20 25
44 7
40 2
53 4
43 1
17 22
6 22
59 2
54 10
38 14
44 2
32 16
59 26
50 15
9 5
39 4
57 0
29 23
53 19
86 19
55 8
40 27
82 21
75 18
68 10
54 16
40 21
69 10
33 19
47 7
51 24
11 24
61 17
70 12
59 0
53 7
58 26
69 22
17 8
34 13
40 25
5 14
71 14
39 23
76 9
65 22
20 26
55 4
85 10
34 15
75 12
77 19
16 4
31 22
77 26
54 22
84 23
55 0
75 15
47 18
78 0
8 26
58 22
79 24
12 16
60 3
47 5
7 12
85 0
32 9
51 14
64 20
84 7
49 27
77 20
84 5
9 9
41 14
10 9
87 3
32 1
19 15
82 3
47 26
1 10
16 6
71 17
16 26
59 7
74 15
64 2
50 14
22 24
29 13
25 6
21 22
46 25
60 7
62 2
70 19
7 3
75 7
62 24
6 9
86 12
75 10
41 26
14 8
54 20
5 19
7 25
45 26
53 16
48 8
38 1
4 11
43 12
13 0
30 21
79 19
29 17
39 14
35 13
27 6
69 18
29 1
82 12
10 17
55 20
41 8
15 1
82 25
67 3
15 6
10 4
51 0
7 24
55 1
73 14
49 23
4 22
23 15
25 11
81 14
83 12
9 4
33 12
5 9
30 6
8 10
86 1
84 20
87 0
67 15
51 4
48 21
71 26
9 1
59 10
75 23
37 14
35 27
72 16
51 18
59 5
82 19
36 6
76 2
63 13
45 3
88 20
56 17
5 22
47 10
82 20
69 23
24 6
25 22
24 1
6 8
46 19
78 20
39 5
58 18
80 3
44 5
61 3
16 25
54 21
83 21
74 6
69 4
33 7
57 11
49 13
41 6
51 12
49 2
74 10
46 17
24 7
19 12
66 5
12 21
36 11
87 22
50 1
52 8
55 14
58 25
58 5
80 20
16 8
20 21
30 10
5 20
28 19
35 21
85 9
30 15
74 16
56 22
80 2
48 3
55 9
52 10
71 0
20 5
26 26
86 4
88 17
72 9
50 13
79 9
21 16
51 13
25 21
13 5
58 12
61 22
47 23
87 8
2 21
62 3
88 22
47 9
68 23
62 6
25 7
20 4
34 19
69 6
42 20
0 5
11 19
64 27
21 15
28 8
15 9
75 4
10 26
25 17
66 25
44 19
48 19
80 17
62 8
50 11
22 5
3 21
35 25
41 23
69 2
9 24
31 1
14 12
62 9
18 17
40 12
72 23
1 16
28 4
20 27
61 0
25 5
5 21
20 15
48 6
74 0
52 27
50 12
30 23
46 24
63 10
16 5
19 22
77 7
42 27
46 15
59 13
59 12
24 27
14 18
59 3
40 26
31 18
0 4
50 0
46 8
60 6
38 2
67 7
65 21
59 14
71 8
72 1
2 19
69 9
65 17
58 3
79 3
32 20
57 7
14 14
54 14
5 16
41 15
55 26
81 4
58 23
52 12
34 25
16 13
0 14
19 20
23 3
4 12
39 18
80 6
53 10
26 20
17 7
58 9
37 22
22 18
81 1
52 24
33 1
70 22
29 21
50 10
20 6
42 5
8 27
86 18
87 14
47 12
20 2
24 22
47 25
65 0
62 22
36 14
80 7
54 18
73 7
18 25
15 12
47 3
13 9
45 10
84 14
55 22
37 15
24 13
14 9
10 23
20 24
8 25
65 7
70 21
26 12
66 11
29 11
57 23
25 15
11 0
66 1
23 26
15 4
25 19
27 25
17 1
11 20
22 1
83 8
53 1
28 22
32 5
52 22
80 1
18 5
48 16
31 15
64 7
75 21
2 9
38 26
11 25
65 9
12 17
4 17
24 3
55 11
25 3
82 1
75 6
26 19
1 18
14 1
37 20
22 27
27 14
11 7
8 0
85 25
47 22
42 24
57 15
45 12
58 14
47 19
31 2
78 7
45 14
38 3
0 6
69 14
30 25
53 17
44 6
15 24
7 11
36 1
14 15
13 2
75 26
38 7
48 23
81 19
2 1
72 7
0 7
12 7
37 27
76 8
82 11
36 3
66 7
73 4
12 8
40 18
69 12
70 25
53 6
53 11
88 10
70 26
44 13
23 1
70 14
48 12
69 7
73 24
88 4
8 16
77 16
88 11
67 17
51 11
4 10
33 11
43 25
20 13
27 18
50 9
80 15
53 24
73 17
86 24
51 25
51 5
47 20
65 3
81 6
73 23
59 27
77 1
9 10
9 2
64 13
10 8
83 24
74 18
37 26
20 19
18 0
88 26
38 11
55 25
81 16
50 26
32 7
57 13
88 16
46 2
6 19
51 1
1 17
47 6
72 4
36 27
36 13
28 6
3 26
66 4
3 20
78 27
54 11
27 19
84 16
50 27
1 4
81 9
40 11
17 26
82 4
20 9
21 12
60 17
60 8
5 26
80 10
39 13
62 18
55 7
38 24
50 3
47 27
25 20
1 9
23 20
19 6
30 3
60 24
84 21
57 19
13 25
62 11
21 13
2 7
42 15
17 14
35 24
40 20
45 24
6 27
28 17
0 25
22 19
31 14
57 2
72 10
17 13
54 8
7 15
78 26
6 5
52 5
74 11
34 10
76 0
61 23
23 5
56 12
15 14
23 21
88 3
37 21
11 10
43 18
57 25
2 11
43 19
18 23
27 0
71 1
50 19
38 13
48 4
51 6
79 4
33 17
52 26
76 24
36 12
13 15
63 25
24 11
65 11
88 14
79 21
42 26
70 10
69 21
66 17
12 1
49 9
37 12
80 4
17 23
40 23
83 6
60 26
24 23
68 13
65 6
4 6
61 26
79 27
35 8
45 11
5 3
27 8
35 17
64 23
80 8
63 0
46 1
66 18
73 3
51 8
63 19
2 12
68 22
77 8
81 15
43 23
84 2
44 8
18 26
63 22
44 1
80 21
85 26
1 26
70 5
0 2
29 4
19 16
72 8
13 16
18 22
19 7
34 22
70 0
0 0
62 7
62 13
42 13
54 6
27 11
1 14
65 13
52 16
19 0
56 4
3 4
74 13
73 13
74 19
13 26
10 5
2 20
23 22
84 25
37 13
77 2
45 7
76 22
52 20
47 14
1 13
56 9
34 27
48 5
78 19
46 3
62 15
5 12
53 18
71 19
12 22
18 3
24 2
57 8
86 0
52 15
51 10
70 7
11 16
41 7
39 26
18 9
43 22
4 19
77 23
48 0
22 2
48 24
61 16
49 11
6 16
26 22
19 4
38 19
22 3
2 17
74 7
54 13
55 27
62 23
81 12
11 2
88 24
2 2
28 11
35 2
43 17
84 18
45 15
61 6
5 10
73 15
11 21
39 12
4 14
6 7
60 2
49 10
68 12
46 18
45 13
16 18
42 17
86 22
75 27
42 10
63 27
67 0
63 14
31 27
17 2
31 6
83 25
17 24
39 21
81 26
47 16
48 27
8 9
80 23
25 10
40 17
70 18
20 20
44 25
7 26
60 0
70 1
71 27
41 22
73 6
25 18
65 5
27 17
0 24
4 0
38 17
62 10
77 3
75 20
22 13
14 7
73 5
