68 27 139
45 5
40 9
58 21
61 22
49 2
65 27
13 27
31 12
51 10
53 18
18 0
38 16
4 17
2 17
25 23
29 15
11 11
22 11
59 22
46 16
31 5
17 25
41 9
30 1
59 7
28 9
48 21
11 5
36 24
59 13
44 3
11 24
2 24
35 13
46 5
19 15
6 5
41 10
22 23
43 5
57 26
11 1
15 15
27 3
11 18
18 24
54 24
5 12
49 10
61 25
21 2
63 3
4 26
68 12
46 26
8 3
13 8
26 6
59 24
24 13
29 24
11 6
60 13
2 13
60 19
18 1
47 17
22 6
47 13
19 13
39 4
4 3
3 2
56 9
46 0
17 1
34 7
66 26
26 16
64 15
3 1
1 5
29 3
52 12
38 18
28 15
44 16
1 12
52 0
22 13
7 27
55 25
34 11
22 7
58 11
46 23
4 14
10 16
60 15
22 27
25 22
34 12
33 24
24 20
23 20
3 6
49 21
50 14
10 9
24 22
50 27
48 17
0 20
13 18
21 5
53 26
2 12
33 9
29 20
6 3
32 16
9 26
19 5
25 1
56 6
15 14
68 1
4 4
61 14
8 19
21 20
29 21
46 7
39 5
8 27
12 27
33 27
8 18
42 10
