21 38 676
4 23
5 22
7 23
4 25
1 9
4 17
16 28
3 6
20 21
20 36
17 15
2 24
16 13
10 5
6 32
10 32
7 11
20 11
12 24
18 13
14 8
19 28
1 17
12 7
0 20
2 9
9 14
15 4
5 3
5 35
8 21
12 25
13 3
21 14
4 20
10 28
10 10
11 25
16 34
18 37
0 16
20 29
0 14
16 11
13 36
6 33
19 12
20 17
13 13
18 12
15 32
7 33
7 32
19 21
5 12
8 23
20 12
8 19
17 17
19 22
17 22
11 15
11 27
5 38
1 1
17 27
3 16
3 28
18 35
6 34
9 37
17 3
8 2
2 36
4 4
6 6
15 7
1 6
3 20
21 16
18 31
2 8
16 17
0 26
8 7
3 21
15 6
12 36
17 26
21 37
12 1
5 33
16 33
7 3
12 30
12 21
15 31
12 34
10 12
21 10
15 34
1 14
6 20
14 14
17 13
16 20
20 13
17 1
15 25
15 28
14 13
7 27
18 19
0 0
10 1
12 18
2 0
7 35
20 34
18 24
11 26
19 38
13 37
15 18
10 6
11 30
10 37
19 7
16 4
8 8
9 19
6 2
18 36
0 2
19 9
13 28
1 30
16 14
21 33
3 17
16 18
9 38
11 6
20 20
10 13
19 20
21 0
7 31
13 9
3 18
10 19
4 14
6 28
8 29
10 17
17 28
14 25
5 28
5 7
8 11
12 8
16 38
16 1
19 36
7 38
13 27
19 4
6 25
15 29
12 20
5 8
0 25
18 32
3 12
1 10
18 30
3 27
4 9
21 38
4 19
19 5
2 3
2 29
6 4
16 2
19 33
20 27
11 4
4 35
4 38
8 33
10 22
7 5
6 14
5 27
3 19
2 11
3 5
16 9
18 16
13 33
7 26
18 20
7 21
4 36
3 33
4 27
19 27
6 5
17 10
1 7
15 26
16 8
7 17
6 22
2 1
17 9
6 8
18 15
8 31
3 34
12 37
15 14
2 10
14 9
18 7
15 17
9 30
20 2
16 22
5 19
15 30
1 4
11 18
12 19
17 24
13 24
9 21
10 33
20 28
14 7
8 24
10 30
17 21
14 31
18 9
12 5
11 16
19 24
14 37
21 7
1 11
6 7
2 13
8 28
3 29
19 13
21 30
2 20
2 22
5 11
7 36
16 16
7 2
18 17
8 35
17 14
8 3
7 4
13 22
14 3
10 16
9 23
21 35
9 31
8 1
9 3
10 18
2 30
16 26
17 33
0 35
0 29
6 27
18 23
20 1
2 14
8 15
1 19
1 36
17 16
13 11
14 15
3 23
14 32
5 29
13 0
1 25
21 18
20 33
6 30
11 38
12 22
13 25
1 32
14 35
19 10
15 21
4 24
0 15
18 27
19 29
7 24
13 34
19 0
19 26
18 29
10 0
0 37
15 23
10 20
7 15
11 17
20 14
21 25
18 26
19 3
15 24
10 23
9 24
12 32
0 27
2 6
21 13
0 17
14 28
10 36
17 37
9 33
2 33
17 36
9 10
20 23
8 17
8 16
1 33
19 16
14 36
7 7
5 37
17 20
20 3
10 8
10 38
9 15
13 29
4 28
12 13
15 33
10 26
11 29
6 24
5 23
6 3
12 12
16 25
15 13
9 12
21 36
1 5
5 32
5 10
1 26
1 2
10 25
8 6
1 13
14 11
3 3
11 8
21 21
16 29
7 30
19 17
4 32
13 20
6 11
4 13
8 14
6 17
20 5
3 11
0 11
18 8
14 29
2 2
9 7
10 29
21 9
12 14
5 17
20 30
2 26
13 8
18 33
6 16
9 13
2 23
12 27
21 24
19 34
12 23
0 6
10 7
16 10
13 38
18 25
18 6
15 1
17 0
13 6
9 26
4 18
4 12
11 28
2 28
13 21
15 8
5 14
11 36
5 34
8 26
3 13
18 3
5 26
2 12
11 3
18 0
2 5
17 32
19 14
2 38
6 13
5 21
20 16
1 28
3 30
1 38
20 32
9 22
18 22
17 30
5 20
14 2
13 1
9 34
6 36
14 26
7 18
10 14
0 21
19 35
12 28
20 38
4 10
9 35
6 1
12 31
5 2
11 0
9 8
17 31
1 21
2 16
21 27
8 0
4 33
14 10
9 1
16 0
5 13
19 32
20 26
7 34
0 31
1 27
13 14
3 9
8 13
12 15
17 34
1 35
8 20
1 18
5 5
9 4
18 21
3 14
10 9
4 7
17 5
18 10
5 24
4 1
4 2
19 37
12 9
6 26
4 26
1 29
5 15
21 31
21 17
18 5
9 28
1 20
20 15
0 34
7 6
11 35
7 19
7 13
13 10
15 15
21 20
0 13
6 9
1 15
14 4
18 18
9 11
9 25
7 9
19 2
17 19
9 16
13 17
13 4
5 9
3 10
8 12
9 5
17 11
0 22
16 23
21 5
6 19
19 23
11 10
9 0
0 5
13 12
2 35
7 25
11 37
2 31
21 34
13 32
15 16
14 27
1 34
19 30
4 6
17 8
12 17
12 0
14 6
15 11
4 8
8 37
21 23
11 33
7 8
7 16
1 31
6 21
0 33
12 2
18 34
14 18
11 12
17 25
15 5
15 12
20 24
13 15
11 32
20 8
2 34
16 12
14 5
11 9
20 18
21 6
16 15
6 37
15 22
17 12
5 6
16 30
0 19
12 29
15 10
11 31
7 1
3 32
10 4
8 27
0 18
15 27
12 16
6 29
21 19
1 24
17 23
21 15
4 16
21 28
13 31
2 25
12 26
7 37
0 36
8 10
10 15
5 18
6 0
12 33
21 4
10 2
15 35
8 32
11 20
3 38
14 33
16 3
5 36
11 5
15 20
4 31
14 22
12 4
18 11
4 11
21 1
3 8
20 4
19 31
17 6
12 6
0 12
13 19
19 25
15 38
4 21
9 2
6 31
9 36
19 19
20 19
8 5
14 0
20 31
1 37
2 18
20 25
4 3
0 4
4 0
13 23
3 25
7 12
0 32
7 20
6 18
10 3
