100 77 1926
25 5
0 30
84 18
33 17
64 66
12 31
19 40
49 17
27 51
2 50
62 67
27 42
66 22
21 5
33 49
5 60
39 50
40 23
42 21
21 50
60 38
9 31
27 4
41 19
95 32
55 45
72 58
46 67
77 0
46 35
85 16
22 66
19 55
58 13
56 56
58 56
89 65
88 54
97 32
91 37
99 0
60 57
97 63
88 39
26 10
91 47
9 75
17 12
82 42
15 20
44 10
43 75
31 15
72 33
21 61
23 5
13 28
35 8
6 0
51 46
39 29
70 53
12 50
54 74
96 51
52 35
18 29
50 54
44 66
90 75
70 30
73 28
90 5
97 24
72 26
95 25
96 57
43 5
2 69
54 18
32 18
4 19
39 70
76 3
80 4
90 63
13 21
31 57
89 76
88 75
87 9
11 26
47 3
89 6
45 59
10 23
100 69
86 29
6 47
38 28
95 21
42 13
8 75
87 33
95 24
79 60
8 46
55 13
77 2
21 23
59 36
14 5
12 4
65 73
59 12
23 61
79 24
18 27
23 30
60 70
100 44
66 36
70 74
39 61
80 37
67 24
48 39
81 43
99 39
63 56
22 34
51 65
79 16
24 65
40 36
96 10
34 4
31 21
94 9
11 70
61 57
61 48
99 24
3 48
71 50
38 18
80 8
4 18
93 69
6 54
65 50
16 53
65 37
82 58
36 34
7 12
39 52
39 34
71 10
79 8
72 51
57 59
90 1
59 68
65 46
40 50
95 31
45 19
41 62
23 4
22 62
97 9
23 42
7 13
87 58
3 44
27 36
86 75
42 68
76 65
95 38
5 28
92 8
80 32
90 51
79 22
8 35
91 16
86 1
67 16
88 3
2 27
84 55
96 1
7 6
3 36
51 63
16 49
48 59
89 72
2 52
79 38
59 40
55 4
58 60
96 60
34 71
16 27
33 50
18 30
3 0
60 39
87 12
90 22
44 64
75 19
12 26
43 4
52 40
4 3
96 77
56 69
77 38
82 33
73 70
26 13
85 68
9 64
49 31
88 73
49 61
39 7
34 35
93 21
29 45
66 12
6 41
44 60
39 21
55 18
71 72
65 35
55 58
51 10
22 14
21 0
27 63
9 0
92 56
95 60
85 7
63 5
50 29
1 77
4 34
3 38
33 37
85 46
44 42
81 75
62 13
83 56
56 24
4 2
52 31
92 39
50 1
82 11
24 27
51 47
83 5
44 18
84 77
7 75
59 77
30 12
14 65
44 48
24 18
38 41
10 3
98 35
35 3
79 62
42 64
73 39
23 26
28 74
9 39
33 12
12 67
59 3
14 25
13 70
1 32
17 57
4 64
24 38
48 77
5 70
71 44
51 33
29 44
71 66
2 63
48 48
15 47
69 34
76 32
34 20
21 69
17 77
68 7
92 24
50 23
86 25
62 1
14 60
53 40
8 23
83 38
1 4
56 2
9 33
6 31
84 73
63 52
46 55
90 76
83 9
45 16
98 52
94 19
46 56
87 57
14 26
35 69
79 6
60 36
64 9
91 56
27 56
39 58
51 68
74 55
75 3
38 9
2 68
31 49
32 68
4 10
98 76
8 41
54 34
14 54
51 56
60 51
33 30
67 34
96 70
32 72
96 73
57 68
80 56
54 28
40 6
8 6
24 2
43 10
12 54
78 7
89 31
19 7
23 17
55 10
96 26
64 76
53 67
23 14
83 60
55 68
71 76
93 34
55 43
34 77
88 22
10 50
80 5
77 66
31 41
59 35
21 40
83 12
98 20
40 18
57 66
80 24
65 30
66 55
3 3
35 70
58 75
67 10
93 39
70 70
12 25
57 57
74 16
31 17
50 21
37 49
71 45
50 33
98 54
31 43
4 25
92 12
21 55
42 49
25 27
27 29
40 35
29 75
20 0
64 32
17 45
47 36
25 21
53 34
10 43
15 67
28 48
84 38
17 34
36 63
30 7
78 63
3 5
100 62
19 43
51 17
53 13
77 52
77 64
40 48
35 77
80 55
32 58
10 14
32 64
66 67
7 48
98 74
7 47
54 37
54 66
2 15
54 63
17 62
96 40
70 22
15 40
4 4
43 41
6 58
30 53
20 44
71 57
18 20
69 29
93 32
78 18
43 59
91 32
11 19
99 10
16 14
74 66
35 52
38 19
24 25
8 55
80 52
69 59
94 72
76 24
51 51
30 16
62 51
79 31
46 10
75 64
38 44
69 53
31 73
91 29
98 29
0 37
22 75
25 1
10 52
99 30
15 59
54 1
19 57
49 21
19 48
46 65
89 25
36 54
49 30
19 30
58 64
14 73
2 11
43 39
67 55
70 29
79 39
14 74
52 55
93 27
85 6
66 48
95 58
16 51
100 48
23 71
53 73
35 23
29 18
63 75
79 9
8 21
18 55
24 34
89 70
49 70
22 6
57 37
56 71
76 62
19 52
69 24
52 66
98 64
24 1
30 33
33 5
37 55
54 4
48 63
88 43
61 1
32 61
69 17
90 47
83 27
97 6
25 61
73 51
36 8
92 13
43 47
50 15
17 9
32 60
63 26
54 69
18 12
35 7
77 3
80 13
52 64
39 75
76 51
100 45
82 15
78 41
59 5
75 39
19 13
95 33
87 55
18 42
20 50
15 4
2 71
100 23
15 26
77 14
47 37
52 3
100 57
51 53
94 21
6 9
14 13
41 21
25 0
43 33
7 42
9 48
60 67
86 28
2 42
12 19
18 35
2 14
77 27
66 61
49 52
33 74
52 73
61 4
56 77
69 0
43 9
17 36
15 50
21 57
81 23
82 1
34 40
64 38
72 77
84 26
15 58
16 3
44 50
63 61
0 17
50 67
49 32
1 67
86 64
15 46
45 12
9 59
55 48
1 5
40 26
59 69
47 47
79 58
8 73
27 38
10 32
87 60
57 14
88 46
16 57
26 60
100 21
1 37
13 10
64 23
18 49
79 77
5 49
0 9
55 63
74 29
38 56
58 35
40 60
81 17
72 61
27 37
24 51
47 66
47 69
84 21
11 73
93 30
63 7
2 7
50 9
56 21
88 63
39 51
65 69
36 19
55 50
88 55
26 59
35 0
89 12
59 10
75 57
42 48
20 19
86 43
83 71
26 48
16 62
54 60
60 71
23 69
54 14
50 18
27 65
23 12
94 32
30 45
87 39
10 5
51 71
51 16
69 77
53 30
66 1
96 7
25 75
26 3
49 29
68 29
50 17
81 39
83 29
51 21
50 47
29 77
39 15
89 56
15 45
19 39
84 30
9 40
58 48
66 14
55 5
27 20
55 6
11 3
16 40
29 67
81 4
51 29
56 40
32 22
49 50
89 28
57 67
38 22
57 12
71 8
7 68
97 67
35 22
85 5
32 33
86 44
89 29
24 32
0 54
27 50
34 62
22 1
39 37
11 31
78 50
49 11
37 12
99 27
81 10
4 26
29 68
93 10
75 29
35 25
64 51
44 24
12 30
30 20
78 76
8 44
4 17
13 27
1 39
77 35
91 17
76 49
90 52
59 53
57 36
23 29
11 8
60 1
41 14
46 47
38 0
43 34
87 7
85 28
69 9
88 49
1 55
42 11
61 68
52 61
45 69
39 76
93 67
10 1
34 52
30 5
97 45
29 66
6 39
67 64
57 73
43 57
78 74
7 49
52 34
65 1
23 65
44 53
39 77
14 58
56 0
91 0
30 11
19 77
96 23
5 31
72 9
34 49
7 39
88 16
40 30
32 38
57 40
3 63
55 64
80 25
35 63
42 27
86 9
46 36
20 59
62 54
26 49
35 55
37 37
87 11
23 54
31 37
99 60
77 53
53 29
24 5
30 19
88 68
63 55
55 34
0 74
6 70
91 27
67 72
13 69
59 46
47 71
8 57
41 42
40 8
78 64
21 64
29 47
77 45
85 60
52 63
19 72
73 11
87 70
44 33
77 55
90 45
75 9
48 72
54 25
67 52
55 75
28 41
26 15
42 65
49 3
99 13
10 20
73 41
26 29
24 56
81 58
6 12
72 5
42 37
78 11
96 47
95 54
41 27
65 62
3 30
11 74
20 10
61 7
45 57
68 35
51 19
52 7
68 32
29 14
9 27
82 32
51 64
50 27
48 10
92 70
40 16
11 64
63 77
8 26
94 66
4 47
39 33
60 41
40 33
93 60
24 62
7 56
72 60
17 70
11 39
40 53
77 36
54 21
54 48
12 60
91 10
62 42
59 9
72 35
82 8
63 14
37 4
87 31
52 74
45 29
61 21
23 15
26 26
66 45
48 28
15 42
32 14
22 24
93 68
9 73
50 38
48 40
74 50
45 38
93 76
42 71
91 52
53 25
12 15
23 64
93 49
69 25
85 35
87 59
34 26
24 63
49 54
16 24
28 8
84 63
84 17
52 20
31 67
88 76
18 41
11 63
23 37
15 64
57 71
4 42
40 21
22 7
99 38
82 36
27 21
67 39
30 65
68 0
78 38
93 53
32 36
90 40
82 30
74 76
82 65
99 34
24 40
40 42
20 40
86 71
38 50
25 29
21 56
84 16
36 61
31 38
56 15
81 59
82 13
9 11
38 4
54 32
76 48
61 74
36 32
32 21
37 71
37 31
26 17
31 2
84 25
76 47
85 13
55 25
98 45
90 74
49 9
45 61
25 33
79 70
13 17
5 42
54 19
80 61
37 48
59 16
26 33
26 34
73 62
2 34
77 50
78 67
53 22
46 4
28 42
23 68
24 14
57 51
80 43
79 19
76 11
10 60
40 11
33 0
41 39
85 36
87 26
16 36
78 13
90 64
72 75
92 42
13 14
86 73
65 55
34 15
40 58
24 68
82 62
98 28
53 17
5 46
85 76
41 37
43 66
17 16
12 72
15 72
56 14
25 31
54 13
59 14
23 19
70 35
0 57
96 30
44 71
26 7
35 68
5 37
45 40
15 11
81 51
87 62
81 50
39 30
33 2
6 32
70 40
98 47
12 77
85 31
96 28
57 46
71 17
33 61
96 5
76 58
49 73
39 1
39 67
83 3
21 59
33 66
68 47
41 76
51 77
52 58
7 72
41 57
28 63
39 60
83 34
68 1
48 14
18 36
44 11
14 43
61 61
34 17
39 26
95 73
7 2
2 0
15 66
29 13
5 15
63 37
55 59
99 41
5 64
10 24
58 14
41 12
62 70
73 69
53 74
42 73
36 14
48 52
23 20
82 4
29 55
51 40
51 42
8 60
72 19
97 68
18 48
62 61
59 74
56 6
92 77
2 33
77 46
20 34
95 67
65 65
70 7
33 11
90 9
99 12
20 72
18 43
82 68
14 75
27 53
0 39
56 20
27 55
47 45
12 34
10 31
21 32
17 44
48 29
79 72
95 53
62 20
50 20
13 15
37 53
62 22
100 22
67 61
24 59
41 8
97 71
96 75
67 53
71 69
11 1
97 19
62 49
72 17
2 57
53 49
91 20
88 70
14 32
12 9
83 26
1 36
61 50
73 77
48 55
69 20
80 35
86 22
76 40
28 51
9 7
17 58
87 25
32 53
39 5
14 37
76 5
18 25
80 47
58 40
78 70
11 67
12 6
36 44
10 15
9 45
72 31
76 12
28 0
37 68
72 52
27 43
12 69
15 77
24 41
32 44
94 13
6 7
67 25
41 9
72 15
86 38
20 6
44 47
63 66
33 46
87 54
94 5
19 73
95 2
33 34
69 51
25 14
89 55
72 34
33 43
34 53
76 46
26 76
34 42
21 77
55 32
36 69
33 27
97 53
45 62
8 48
3 52
95 19
90 66
46 69
26 16
32 62
89 59
17 68
6 21
37 23
42 17
20 60
4 77
20 57
49 68
69 58
42 33
84 19
96 52
16 63
76 50
98 72
59 23
86 57
39 69
1 63
89 44
13 36
67 40
3 58
14 17
10 9
0 76
97 39
28 66
6 27
14 1
7 28
33 31
30 17
73 68
33 53
12 51
73 21
53 16
13 53
92 64
5 30
100 13
90 16
26 21
94 27
21 45
83 22
52 13
75 27
35 32
69 3
47 17
67 44
29 15
39 10
57 45
48 70
11 16
76 76
54 24
3 43
85 42
3 74
14 38
20 58
73 9
21 67
1 59
62 21
15 71
13 34
95 56
3 31
32 77
62 55
58 57
50 12
73 58
33 29
38 32
92 66
76 56
43 36
47 72
69 76
13 76
53 77
100 38
49 15
75 46
61 62
12 40
15 14
33 6
88 77
22 61
53 23
22 71
39 64
81 74
59 18
83 52
32 3
78 2
73 72
70 38
83 51
61 22
37 0
46 77
79 34
61 77
15 13
31 75
11 29
89 58
55 23
47 34
9 67
32 35
30 43
87 15
8 12
44 19
51 31
69 27
82 27
15 65
48 16
86 42
77 42
0 4
24 42
24 10
96 35
40 32
63 54
89 16
59 65
35 46
67 30
87 56
52 18
55 1
99 4
34 36
79 26
30 1
14 21
39 27
79 4
78 61
12 42
65 3
42 18
3 55
71 27
94 55
61 51
9 41
91 12
4 43
34 61
94 74
66 71
31 22
10 25
61 55
26 55
78 23
88 44
91 41
29 48
19 64
16 77
60 52
95 34
85 49
72 45
3 22
66 15
68 46
34 37
2 47
67 19
15 53
35 35
23 35
81 72
61 0
50 42
42 20
77 32
21 3
65 42
19 2
59 61
45 5
75 40
98 26
16 31
1 22
30 63
79 47
77 24
60 53
31 63
91 2
14 6
54 45
71 62
15 54
9 57
21 31
17 22
65 60
92 33
92 37
1 54
15 10
52 12
6 23
18 38
66 60
94 73
77 1
90 58
19 53
34 58
10 13
75 55
71 41
49 42
42 15
89 32
0 27
55 76
52 44
41 54
62 25
73 27
92 43
100 12
23 36
38 42
72 18
96 27
69 50
93 43
1 72
15 41
53 26
45 53
91 22
5 50
74 3
12 39
24 49
61 9
30 47
45 27
42 16
77 68
52 53
66 39
58 21
92 15
26 47
4 61
66 64
34 45
24 60
0 25
74 39
67 29
67 73
63 45
9 30
79 46
47 77
100 47
66 57
21 27
98 5
90 49
48 74
86 8
44 58
29 19
93 37
69 30
86 69
85 4
92 59
30 26
77 12
37 73
16 64
65 22
44 74
93 61
100 77
49 53
58 65
23 44
10 69
70 19
17 3
52 68
87 69
24 37
30 54
1 41
16 23
55 20
42 24
34 69
95 51
98 37
21 47
14 64
18 17
71 21
60 69
81 34
67 0
60 64
1 15
58 24
57 49
12 36
88 67
91 70
24 17
29 8
56 37
61 12
21 58
28 40
33 71
23 74
50 52
89 26
72 24
40 54
64 6
96 33
46 31
30 70
16 58
99 33
7 11
28 32
40 27
80 31
33 18
19 24
32 17
55 67
52 17
7 51
76 34
66 70
84 72
90 28
5 5
78 5
25 18
26 67
85 17
9 9
94 29
46 15
45 22
97 23
2 18
9 42
74 4
25 43
57 17
57 27
2 37
59 24
62 15
41 29
58 8
79 40
48 62
14 55
40 24
47 46
77 48
78 25
53 4
42 70
52 2
55 29
47 5
89 71
78 36
6 26
79 67
67 76
1 69
27 13
52 75
25 30
73 57
1 14
26 51
13 23
3 39
38 51
65 74
29 61
95 14
43 23
63 57
45 6
75 63
91 7
87 67
80 26
84 46
98 55
81 27
97 30
90 20
46 9
68 72
71 42
77 34
42 31
35 6
53 33
32 4
60 68
56 30
91 19
45 9
67 6
33 42
81 28
15 9
75 72
18 18
63 62
89 9
57 5
4 32
31 25
68 34
90 60
60 16
5 41
95 74
73 56
5 57
25 20
51 27
7 24
61 64
43 3
53 75
1 26
70 15
37 62
22 21
53 8
74 58
68 50
0 31
5 11
10 48
17 74
36 26
28 62
66 74
68 52
85 37
43 24
90 34
56 7
60 45
77 74
27 35
13 45
26 40
73 1
65 43
29 51
46 63
85 0
14 50
13 75
53 70
58 36
86 39
70 12
22 9
33 64
74 57
89 15
58 73
85 77
1 52
25 9
15 34
33 39
60 31
89 5
20 62
81 49
68 33
30 41
15 62
20 68
31 5
48 51
3 50
88 11
52 0
100 10
71 31
6 42
56 42
72 32
66 69
16 52
42 12
11 25
30 10
87 16
9 70
48 56
20 36
37 8
76 57
95 42
21 33
4 58
94 20
66 29
86 46
89 62
3 20
59 72
63 70
84 66
67 4
47 22
7 66
4 39
17 40
75 75
47 42
57 64
52 51
36 4
4 31
58 20
54 59
71 0
56 19
27 10
30 75
22 8
74 45
80 11
79 11
85 62
49 20
81 53
99 45
6 35
64 18
2 12
51 43
9 76
55 65
9 43
3 34
97 1
99 28
46 44
35 53
82 22
37 3
39 9
21 71
30 68
14 9
54 73
26 39
32 27
20 29
82 63
94 41
93 8
56 38
13 52
85 54
64 14
38 57
68 61
38 14
83 2
39 71
70 65
93 38
36 38
54 53
97 3
64 30
95 50
16 5
1 9
62 41
68 55
99 15
9 72
60 9
1 29
96 34
97 41
29 64
58 4
97 57
88 29
98 46
26 37
28 37
60 4
