69 96 2525
28 47
43 72
3 7
14 31
13 10
66 60
58 45
28 45
3 49
8 85
37 84
38 79
4 36
60 50
63 42
67 30
21 25
11 29
33 5
61 76
0 51
14 62
2 36
66 10
50 95
25 6
23 26
61 74
33 65
21 62
8 49
37 8
5 95
52 1
16 33
59 60
61 29
66 76
10 33
17 37
36 68
52 22
64 6
48 24
26 3
12 24
3 92
29 48
23 34
41 1
10 67
37 19
12 32
25 27
57 22
37 33
17 10
19 48
8 46
41 30
60 16
24 59
65 65
57 46
20 8
4 69
57 21
64 87
34 52
62 92
32 40
64 5
54 41
57 91
15 39
62 10
64 32
54 91
9 11
61 85
32 39
37 70
18 51
57 78
15 17
52 52
31 45
11 55
18 41
10 28
2 62
7 1
10 6
10 94
32 89
17 93
54 11
28 73
43 7
67 9
58 40
14 30
20 85
26 25
69 55
65 31
17 42
61 80
61 47
65 36
12 40
30 40
55 89
57 53
27 51
45 95
30 93
43 66
42 59
36 75
3 77
69 44
61 77
29 31
18 61
10 76
4 19
40 33
15 63
7 2
13 33
21 22
42 56
64 48
39 82
69 3
7 51
44 39
10 24
65 57
7 31
2 72
36 23
35 90
25 45
39 94
6 87
56 74
22 71
8 60
21 66
9 73
17 24
21 29
28 69
35 19
51 90
7 67
49 42
46 42
40 82
62 1
56 70
58 24
18 89
66 73
21 69
22 31
33 84
21 30
34 77
56 23
1 72
59 74
37 83
54 39
49 44
68 89
49 15
11 8
1 89
24 35
11 65
8 89
42 94
39 40
10 46
61 9
5 70
33 76
43 9
38 24
24 24
63 15
46 81
58 10
10 71
40 79
34 16
50 51
41 77
16 11
13 30
52 65
25 68
53 8
42 24
17 91
50 15
11 12
21 59
63 77
69 79
17 6
49 8
1 60
9 81
28 61
53 54
69 68
50 69
40 19
33 87
68 43
30 25
19 13
44 75
8 31
51 72
5 25
9 23
64 13
20 75
45 82
13 93
21 46
22 26
51 45
5 61
68 63
8 58
67 25
16 75
57 19
45 69
5 54
44 74
62 24
36 96
14 61
19 40
58 80
48 75
7 33
35 51
3 44
19 57
23 68
31 68
65 51
45 17
54 89
51 22
3 29
57 40
54 85
67 71
29 45
48 89
17 48
52 80
25 65
69 57
20 55
43 49
43 65
63 74
5 24
23 67
67 84
41 5
8 19
41 18
22 56
3 64
17 53
43 29
61 46
26 44
49 34
3 24
30 48
36 40
21 60
34 84
42 44
58 32
1 40
38 74
2 40
5 94
16 67
13 47
25 70
49 64
66 54
13 52
47 35
62 63
10 45
21 10
42 12
63 10
66 84
15 65
31 80
29 2
48 65
31 34
19 23
51 27
3 34
64 47
52 70
45 60
8 87
28 82
17 92
36 17
6 23
25 47
63 28
2 37
39 53
8 9
32 14
62 16
26 15
10 16
49 39
45 94
37 49
6 84
3 58
5 38
66 44
68 47
54 22
5 71
50 5
13 75
26 38
41 34
32 28
17 3
58 87
6 65
2 24
60 0
30 33
56 36
20 49
58 53
12 59
36 82
3 43
13 21
19 80
66 4
2 19
37 64
0 33
29 55
69 77
41 88
25 38
7 26
12 57
19 96
35 77
39 35
41 60
33 14
24 42
39 74
4 84
53 60
3 85
7 45
16 12
56 49
23 41
4 71
55 66
67 82
23 49
12 61
19 32
63 6
27 35
18 6
16 70
0 30
39 49
7 59
16 88
69 81
65 5
46 61
33 1
31 15
30 56
31 69
56 52
32 9
55 33
23 55
67 92
46 9
34 30
54 9
36 83
3 63
69 31
37 18
58 1
38 47
37 96
25 42
68 27
20 96
0 13
64 15
43 88
52 30
66 46
15 23
15 29
40 2
36 91
19 51
68 28
69 53
47 73
47 8
32 82
10 38
6 66
11 79
17 28
34 47
36 11
68 11
62 45
3 33
46 71
51 35
51 4
43 18
23 4
41 59
39 83
25 5
6 13
41 87
48 82
54 46
24 4
25 29
54 56
18 14
47 7
0 75
67 0
60 60
57 30
62 81
57 83
10 9
38 43
57 2
32 94
53 53
39 37
4 72
69 42
44 95
67 10
21 64
62 54
0 95
20 20
18 20
31 39
22 5
26 26
49 91
62 20
30 76
18 0
14 33
34 96
68 5
9 26
6 26
56 79
48 7
36 61
48 48
41 17
17 1
58 8
16 36
17 72
31 66
14 53
9 76
57 17
65 50
66 29
27 72
36 47
26 41
39 86
54 29
27 90
30 94
42 73
16 50
4 92
20 51
15 54
49 67
4 62
57 89
60 26
56 93
15 30
46 48
56 77
69 85
33 62
38 40
35 40
25 77
62 3
12 67
41 38
43 41
52 31
30 39
24 25
21 95
60 74
48 74
54 87
59 50
23 59
15 91
47 9
30 20
17 51
10 27
6 61
53 44
63 60
62 33
2 23
53 67
4 7
31 18
0 71
47 44
16 37
28 37
25 8
51 64
65 38
33 69
1 80
49 86
18 13
46 54
25 51
25 22
44 82
10 85
35 37
8 82
12 54
32 20
15 89
33 12
3 19
26 75
50 68
40 37
57 93
36 60
55 27
3 61
67 37
0 66
20 94
65 42
39 9
38 96
29 76
68 88
15 92
18 11
61 11
69 84
46 3
15 96
23 73
67 6
44 67
65 96
22 49
9 21
4 14
50 13
32 24
49 10
9 5
53 2
28 27
4 32
16 22
20 23
38 85
17 73
28 51
38 0
51 73
58 34
23 86
66 53
56 75
17 23
62 8
54 84
69 61
53 17
10 53
64 41
28 57
42 80
57 81
31 40
55 50
42 69
21 94
4 50
60 61
6 86
65 40
7 37
68 81
21 52
41 4
43 47
64 25
65 16
36 9
45 63
65 34
48 66
36 19
54 73
0 26
56 78
47 34
40 85
27 49
63 30
20 50
67 22
69 91
53 12
62 41
39 61
46 31
38 77
69 76
26 57
17 75
29 84
62 46
47 42
26 34
13 94
61 64
10 80
27 81
33 86
18 86
45 27
65 71
19 5
53 10
16 92
47 89
1 74
22 51
68 17
39 2
63 19
18 37
12 92
46 34
67 63
14 85
2 35
3 6
64 0
42 60
43 58
42 88
24 84
58 49
40 83
60 96
55 53
18 69
46 32
11 45
55 92
36 67
62 67
13 6
48 41
60 43
42 79
47 45
41 76
25 94
36 46
15 37
46 73
10 64
38 76
20 69
14 17
30 28
7 46
7 5
64 27
4 61
4 15
39 46
58 22
16 56
45 46
66 7
54 17
24 79
20 48
17 30
5 60
11 49
8 57
47 33
10 91
47 84
39 93
27 6
18 34
68 62
59 92
9 61
65 79
11 70
11 87
53 89
54 19
33 21
55 4
35 61
49 60
57 73
22 73
9 42
0 49
8 71
39 66
60 79
26 24
13 39
23 35
14 1
44 43
29 33
69 78
21 65
64 55
13 4
27 93
24 7
11 88
53 52
65 77
60 40
42 3
38 22
54 4
6 48
64 34
38 34
43 46
12 82
66 83
25 30
67 95
35 59
26 43
6 56
18 18
47 72
55 61
0 40
20 57
45 74
0 76
34 51
1 10
63 4
60 23
36 0
57 66
42 43
1 95
18 7
62 93
16 63
62 90
25 79
9 35
11 56
5 26
59 49
62 78
55 56
27 32
18 76
5 90
48 86
40 90
20 68
30 57
58 91
49 90
20 62
21 14
30 45
7 61
54 88
68 79
48 57
10 37
31 41
40 22
36 64
66 36
3 80
29 39
16 77
40 53
53 92
6 43
38 44
35 84
57 31
30 79
18 66
26 61
42 13
60 11
59 45
63 64
16 39
58 79
68 87
4 55
49 27
1 59
8 18
47 80
19 91
38 89
34 67
67 1
24 17
31 54
1 90
47 3
50 59
67 83
27 44
18 36
38 94
36 29
25 54
44 27
32 16
16 23
67 80
65 43
23 18
63 44
64 30
44 53
0 59
65 48
66 19
47 53
12 64
55 28
9 12
51 88
13 96
18 32
3 25
38 14
49 79
31 2
3 66
20 14
61 40
54 60
30 15
37 2
7 96
59 69
19 12
27 89
0 62
54 52
45 22
9 48
18 30
46 66
17 4
1 22
6 78
45 50
28 85
63 8
23 17
51 54
41 28
33 68
50 56
69 90
6 59
17 90
48 8
30 67
27 34
57 88
47 68
61 7
17 80
5 63
23 57
52 13
39 42
60 55
48 38
23 54
62 52
59 12
25 46
68 50
4 3
58 76
23 24
43 43
37 92
63 65
19 71
52 27
60 66
60 82
33 83
8 55
3 36
11 44
2 67
26 56
41 71
61 84
22 7
61 79
44 54
1 30
55 37
47 24
36 27
61 55
3 56
63 80
18 93
4 64
38 66
9 78
42 85
32 27
36 53
1 38
59 57
15 45
21 58
29 90
47 48
6 76
21 0
65 73
58 75
52 96
13 31
60 94
53 86
64 57
53 94
0 53
29 29
19 87
21 43
29 59
29 36
50 45
9 84
68 53
53 24
67 57
38 18
9 83
35 93
62 27
67 42
42 52
29 42
41 70
41 44
24 74
68 4
57 41
38 37
58 51
43 80
44 28
20 40
10 12
11 64
29 1
11 93
35 49
26 66
68 41
56 47
36 8
43 89
14 65
14 87
6 11
68 65
13 1
20 33
41 51
51 75
66 64
55 31
36 12
16 76
45 57
68 7
53 81
53 20
0 12
46 95
23 3
2 4
16 47
28 48
62 87
47 5
60 38
43 14
52 88
63 34
46 50
53 7
58 67
47 92
17 58
52 79
6 17
60 87
2 58
24 31
59 9
47 91
1 13
53 51
6 42
40 21
36 90
50 20
27 86
21 87
2 59
36 51
45 68
21 8
4 79
44 60
44 64
23 65
2 54
27 69
54 16
51 18
1 62
57 12
63 82
25 85
40 32
6 1
28 40
41 9
0 24
2 57
5 5
43 67
33 78
41 8
41 81
32 57
29 0
6 15
2 79
56 46
45 76
67 90
57 50
49 41
58 96
4 10
46 21
57 60
23 71
5 31
3 39
40 61
65 45
25 49
27 88
55 93
65 53
57 34
37 1
30 53
39 89
32 96
57 70
24 38
38 93
31 57
52 18
50 22
9 49
64 14
29 60
29 79
7 53
37 57
56 7
34 64
65 35
62 7
37 30
32 17
66 35
52 26
57 1
1 96
15 42
66 16
56 9
3 30
19 26
28 55
69 75
69 59
69 32
19 54
12 38
9 53
26 13
63 81
36 65
20 59
37 85
25 43
26 47
0 67
58 41
20 65
2 34
7 93
35 94
25 76
24 47
66 50
47 86
54 30
57 39
23 74
47 46
0 17
14 42
69 21
22 64
28 58
55 16
16 91
52 62
63 50
21 6
25 61
61 17
14 94
23 10
6 44
56 2
17 94
34 79
30 64
24 34
30 10
31 56
59 36
5 93
63 86
43 76
10 82
2 21
47 96
65 90
10 96
54 57
57 85
19 70
4 44
2 38
47 14
52 56
59 35
38 10
25 28
48 21
47 60
43 4
35 17
30 3
44 70
54 37
14 47
5 18
17 96
36 81
69 63
30 2
44 29
53 45
41 37
49 80
55 91
23 7
31 61
9 57
18 40
13 65
67 39
47 13
7 35
46 35
40 51
4 0
53 74
44 4
11 23
53 26
40 42
30 9
22 61
44 69
60 17
66 82
43 68
5 29
57 47
69 65
22 21
16 34
7 86
33 88
29 94
13 74
32 90
63 94
48 20
23 93
46 7
11 76
3 74
54 33
66 33
1 16
38 3
38 20
35 32
35 50
62 86
44 66
32 12
47 2
52 85
60 77
7 80
58 73
3 50
38 5
46 37
33 55
2 76
28 96
26 18
59 17
56 3
46 90
27 3
60 35
31 4
24 15
38 39
58 39
48 18
33 6
3 4
9 58
36 10
68 54
59 78
47 87
5 17
0 11
48 15
53 47
60 92
7 70
30 38
50 40
42 11
69 6
63 23
17 54
64 3
1 49
46 36
24 51
49 56
59 91
34 33
37 53
1 93
19 90
11 33
5 8
52 77
67 52
1 7
49 31
3 2
17 5
20 86
39 5
4 66
49 18
18 91
46 68
38 31
38 16
1 25
61 81
3 28
6 24
3 91
18 52
0 42
52 9
45 35
5 27
28 64
21 74
32 34
47 6
44 37
36 76
19 36
10 13
59 27
66 6
0 80
35 18
20 2
66 68
44 50
46 69
13 32
3 38
13 28
69 51
56 65
28 29
5 36
14 21
6 73
8 30
6 58
23 82
15 93
29 9
65 82
1 24
19 59
28 83
20 35
14 3
37 7
45 88
8 35
32 25
38 13
20 36
38 51
43 91
47 21
62 15
58 70
54 71
33 10
6 8
48 4
29 70
29 86
56 58
6 68
51 49
23 78
50 67
48 91
20 76
29 92
60 30
2 70
40 57
66 66
69 50
28 81
51 53
43 51
66 55
7 39
3 40
21 31
22 1
53 48
31 78
69 60
13 91
32 45
54 20
43 93
11 37
57 67
8 17
20 70
1 94
9 68
65 8
47 11
52 10
25 90
34 19
25 35
65 19
38 62
56 73
49 35
46 12
42 30
68 16
30 70
22 15
52 81
44 58
16 19
51 56
5 20
53 35
19 60
0 1
35 95
62 38
6 20
22 33
6 67
18 44
64 39
14 81
27 19
6 30
38 11
12 36
8 40
31 9
26 55
61 62
26 19
19 0
40 28
26 12
37 88
19 78
41 79
31 92
46 0
18 63
14 23
13 85
35 92
32 83
37 0
59 20
25 12
68 70
50 87
10 31
5 44
63 62
18 84
49 94
42 37
55 22
39 22
3 81
60 8
67 77
37 24
32 67
1 39
63 54
43 40
24 1
22 78
69 96
23 21
55 8
52 43
51 82
17 13
26 31
37 41
43 42
66 38
17 61
6 54
8 75
4 13
43 3
12 68
67 67
63 38
31 35
8 16
38 91
3 82
35 4
67 32
31 77
23 66
41 65
62 2
21 12
20 31
12 34
52 95
9 15
37 45
17 57
2 17
52 78
49 23
11 4
41 72
54 28
34 72
63 78
7 75
25 31
47 37
56 59
56 69
7 4
42 22
55 21
41 48
61 32
50 94
16 52
24 6
54 15
5 43
28 87
42 29
4 96
41 19
44 81
51 15
51 87
69 67
49 16
39 33
5 64
39 47
40 73
53 1
13 36
34 70
21 5
58 18
29 65
21 26
54 66
40 11
68 42
21 24
52 11
57 86
43 26
61 87
15 13
46 30
3 14
41 49
8 76
23 38
26 30
39 75
45 41
7 85
45 70
3 78
18 85
28 60
56 34
11 74
6 53
40 20
63 14
33 82
42 77
68 76
34 43
62 62
58 16
30 81
60 47
58 64
57 82
16 18
31 89
61 60
15 80
19 30
17 86
17 82
67 13
29 88
16 46
31 1
9 90
32 86
13 71
18 78
31 5
37 3
66 87
50 27
17 21
61 5
43 94
35 65
27 54
59 86
64 83
46 6
32 11
67 81
5 85
2 11
32 64
27 65
33 11
41 69
4 53
67 86
23 52
22 12
31 50
59 24
45 24
56 83
58 88
68 26
32 23
47 59
48 95
41 25
2 92
54 47
35 6
29 37
58 2
34 74
66 72
59 37
39 31
58 65
14 10
35 72
10 95
15 51
53 77
25 72
1 91
27 11
22 72
34 28
7 78
46 2
42 46
10 58
46 39
32 50
11 71
53 4
53 68
41 86
64 76
6 75
28 36
67 4
33 63
32 76
55 11
19 2
53 93
34 2
45 33
48 28
46 89
21 77
12 2
51 41
62 60
62 31
15 28
10 86
36 55
14 13
16 43
63 43
15 6
6 89
3 51
2 49
37 56
57 43
51 74
43 54
19 29
61 65
41 36
15 79
25 62
31 90
51 23
65 60
3 26
67 54
55 63
32 84
41 45
34 38
29 80
16 48
55 65
36 94
10 60
42 2
56 86
9 82
65 62
42 86
11 0
67 44
33 85
4 1
58 17
61 25
58 14
60 29
49 28
11 75
64 72
5 75
22 69
32 66
20 28
64 91
8 50
61 45
65 26
35 43
40 30
45 20
23 36
51 96
27 41
28 11
58 50
2 43
63 96
6 51
42 32
13 50
54 53
20 9
13 19
66 37
11 73
15 41
9 39
46 19
33 32
40 71
31 46
63 0
59 5
45 36
69 28
19 77
48 29
1 81
37 15
36 41
54 63
13 54
43 34
12 1
9 52
59 88
28 10
12 47
15 38
8 23
56 63
16 53
42 75
37 62
54 7
51 3
0 77
41 64
58 12
9 44
45 5
47 75
29 62
51 0
49 11
45 52
58 89
45 45
18 82
66 86
33 50
33 41
3 21
2 47
22 3
53 90
64 59
38 52
8 15
16 7
62 9
10 68
42 70
60 62
1 92
39 70
65 80
22 22
6 40
22 91
46 44
66 75
20 87
20 84
24 44
39 43
2 52
37 78
18 65
46 82
61 36
8 29
17 12
15 88
43 17
15 82
49 83
44 26
59 61
62 50
16 83
0 96
61 53
56 89
42 41
13 2
25 81
66 8
19 10
54 65
51 32
13 77
47 41
2 88
44 76
63 89
40 93
33 4
12 17
45 59
21 41
1 2
35 71
59 32
0 38
19 31
31 37
53 6
12 78
39 10
23 30
60 45
46 63
56 95
12 75
15 71
4 77
13 41
43 62
34 45
13 58
13 17
68 14
29 17
19 16
27 53
6 9
9 46
22 90
43 6
14 29
5 57
56 12
37 10
19 79
23 56
7 34
12 41
18 48
35 86
41 90
27 68
3 8
63 41
49 6
5 9
59 71
26 39
58 7
33 90
15 77
29 15
36 37
5 34
45 80
63 53
56 32
68 38
50 31
60 89
20 67
16 54
11 35
23 20
36 13
63 56
23 42
15 62
19 44
24 86
45 47
5 86
13 44
52 60
56 51
61 61
17 40
48 40
59 55
9 54
60 28
19 34
61 70
68 59
49 74
14 54
64 88
10 72
52 20
55 35
7 9
12 5
25 93
51 61
31 8
25 13
1 5
24 71
30 95
47 66
31 16
22 43
34 90
4 33
9 1
22 34
50 17
21 61
5 55
15 81
55 3
2 31
0 22
40 26
39 96
58 23
65 32
5 19
35 70
1 27
59 79
23 19
48 73
67 19
17 50
66 96
15 58
22 14
23 11
58 11
37 12
68 74
27 8
63 1
4 56
58 61
55 2
37 14
69 46
68 58
52 19
63 21
29 32
7 42
30 32
31 93
59 44
65 41
57 96
11 80
39 68
58 3
14 24
31 36
15 90
15 83
14 19
38 67
13 5
65 47
30 42
25 4
47 15
14 11
49 57
18 10
54 55
40 69
38 42
33 39
51 6
10 39
14 43
5 53
13 8
7 23
65 61
38 21
10 11
68 1
46 94
19 7
6 22
55 90
50 18
4 47
16 89
24 21
30 34
10 2
31 64
59 15
24 13
56 80
41 68
11 83
63 45
32 6
14 8
30 60
14 34
49 22
30 73
12 21
19 19
50 28
7 73
59 94
18 70
35 36
2 28
18 47
6 92
12 22
35 85
40 91
54 43
11 24
17 79
11 21
26 72
34 76
5 62
34 20
67 89
10 74
59 41
0 4
16 44
2 80
16 16
14 41
3 9
67 41
4 8
45 79
41 11
4 90
25 60
11 68
12 50
5 15
46 14
23 13
31 88
27 84
28 75
61 89
50 47
4 16
18 81
18 35
50 3
3 90
58 9
11 94
32 60
64 4
52 37
29 78
0 74
55 30
42 45
36 21
39 44
68 45
49 81
4 11
25 50
62 51
57 54
9 7
5 52
13 16
69 95
15 55
14 32
22 89
42 61
3 73
30 83
38 19
11 78
7 49
66 12
69 18
29 73
66 85
37 44
35 66
1 77
21 27
12 20
42 95
46 25
69 27
64 38
13 67
69 23
24 54
66 52
5 79
19 33
62 74
39 48
35 58
64 43
30 27
29 24
30 63
32 3
32 36
59 64
34 7
62 25
35 31
52 16
47 62
23 79
46 55
65 25
9 8
13 29
15 46
55 41
58 86
43 19
31 72
64 46
31 58
63 61
41 92
67 24
68 35
67 40
53 9
69 15
13 46
40 49
68 75
0 7
10 92
29 40
39 91
66 18
21 33
49 69
68 2
68 25
6 46
38 78
26 67
23 29
52 25
17 95
63 79
32 59
4 34
1 33
30 86
42 33
61 92
37 67
53 40
29 87
59 90
27 46
49 77
33 0
34 56
68 91
65 84
62 23
31 59
27 59
31 42
2 29
0 63
48 64
27 1
12 23
68 85
8 1
29 23
16 66
16 64
5 91
4 20
68 15
17 46
39 8
31 73
13 11
8 84
27 96
61 30
9 33
50 88
24 91
0 2
27 64
57 3
15 94
31 13
0 14
33 92
31 26
61 66
7 28
67 28
34 88
60 37
27 22
22 67
6 5
57 24
57 38
1 86
12 45
19 89
41 6
1 55
52 4
57 52
54 50
69 52
64 37
8 5
1 68
11 90
7 88
18 96
1 85
11 25
53 28
13 80
8 45
14 96
31 91
42 7
15 44
37 72
57 14
41 23
61 94
8 43
54 1
39 25
0 45
17 9
69 34
22 79
15 61
19 81
24 58
50 36
46 65
10 14
63 32
52 58
0 86
40 1
54 81
55 68
0 61
46 75
14 57
17 62
2 89
48 69
55 20
34 55
60 48
23 63
69 89
1 61
19 6
19 20
0 20
64 1
45 43
26 78
43 63
23 83
54 67
21 32
27 70
26 52
15 31
9 28
6 62
8 68
7 41
17 0
8 21
66 47
42 42
26 54
51 40
26 0
57 6
33 3
40 45
12 18
39 0
59 72
40 35
67 29
26 46
28 12
57 27
30 7
12 30
45 25
31 3
51 92
26 80
0 23
31 21
17 8
13 42
52 69
4 83
35 78
50 86
11 1
69 37
50 57
8 47
39 60
66 15
33 30
26 60
59 73
4 39
34 32
69 74
59 80
0 56
11 77
31 28
51 81
66 93
34 60
0 25
14 74
20 66
12 9
56 13
37 58
58 5
5 92
40 52
3 11
19 50
41 58
67 27
16 13
34 65
34 10
12 0
11 22
11 96
61 35
53 63
