31 55 701
9 52
27 0
14 15
18 1
16 10
30 31
23 53
21 0
17 44
19 29
17 24
30 55
16 37
1 35
17 25
23 15
7 20
12 34
0 44
27 25
31 9
24 46
31 55
1 18
1 33
18 39
29 45
17 10
23 3
5 38
3 52
6 6
13 15
21 44
14 20
3 29
27 27
14 26
27 39
18 55
28 16
2 0
9 0
24 29
5 54
9 44
2 38
22 39
4 1
11 21
1 20
5 17
25 54
19 24
16 40
21 34
14 22
27 22
12 3
1 8
11 39
21 12
3 8
9 38
11 1
10 21
28 1
20 31
26 5
2 4
25 6
3 18
21 42
21 49
30 16
7 3
28 8
3 31
8 10
12 9
13 48
11 25
5 21
31 0
9 8
25 47
14 40
29 16
6 16
6 47
14 54
8 25
20 14
5 20
8 52
16 11
29 25
23 14
22 6
18 53
7 32
26 35
20 19
18 15
3 19
19 35
8 5
1 36
16 35
27 55
13 40
4 44
12 11
20 17
13 53
20 8
1 13
5 32
24 38
18 28
16 1
2 3
30 26
19 51
16 26
6 35
16 21
2 34
15 43
26 21
19 32
20 48
30 37
18 43
0 31
29 10
7 30
6 51
25 30
17 31
14 55
8 31
18 45
28 50
14 49
7 21
17 1
16 22
2 31
29 28
27 24
20 13
11 11
20 28
27 1
1 39
8 19
26 22
14 6
4 51
5 36
0 12
25 27
8 51
16 53
25 0
15 36
16 15
8 4
22 5
2 27
25 12
28 35
7 2
6 26
26 31
28 13
28 53
23 42
1 44
13 12
28 3
12 33
23 39
0 21
6 22
12 14
30 48
11 33
30 28
19 19
1 3
7 37
6 7
4 14
17 11
31 38
10 30
19 7
31 54
18 31
16 17
8 48
31 10
16 9
17 23
2 30
31 17
23 34
22 11
6 17
29 2
7 45
22 0
31 41
26 10
15 2
3 54
10 28
12 4
23 25
10 44
19 55
1 55
22 32
27 14
14 47
9 51
28 12
27 4
21 28
31 6
16 25
7 53
1 5
19 26
10 37
13 31
14 27
11 27
22 50
5 18
25 34
5 15
31 20
31 27
31 16
14 4
26 42
30 4
0 7
20 27
1 27
27 40
15 16
11 53
0 52
10 3
14 7
4 10
9 45
12 48
26 51
31 14
10 6
3 25
22 35
3 11
10 22
27 49
15 7
17 43
31 50
9 10
16 49
16 42
4 24
15 27
23 28
21 2
22 7
4 52
29 52
8 27
0 27
24 44
30 41
3 34
16 39
25 18
5 6
12 53
10 43
8 7
4 48
5 26
7 55
28 31
4 49
1 48
10 32
17 21
11 29
22 38
14 50
29 14
8 12
4 55
25 28
26 18
25 7
2 40
29 9
21 52
15 13
7 15
10 20
30 2
25 20
15 38
15 25
1 32
1 54
12 15
8 54
2 45
1 38
23 7
30 0
16 16
30 27
12 30
20 40
12 37
22 53
6 52
2 48
13 3
2 11
28 15
29 4
27 37
12 25
17 0
18 5
18 8
28 26
6 53
19 44
6 40
23 49
6 39
19 18
26 8
18 12
6 4
24 51
20 12
6 14
4 30
4 50
31 52
19 11
0 30
10 10
15 5
13 24
1 45
16 41
17 37
5 7
17 27
1 12
0 4
0 42
13 11
18 20
9 26
28 6
16 51
6 55
2 8
15 17
14 16
13 37
31 36
17 35
12 55
14 23
12 32
4 22
8 30
0 6
15 46
11 10
10 55
17 13
30 15
20 50
8 14
6 28
8 45
28 49
22 37
14 14
23 52
9 31
8 32
21 21
12 13
26 38
5 16
30 9
2 41
18 33
25 2
20 37
2 29
6 37
7 19
26 41
28 51
24 47
20 26
28 30
14 25
24 33
26 12
27 9
18 32
0 53
17 46
23 36
19 27
14 39
12 39
28 7
21 25
13 47
17 30
25 55
9 13
16 28
8 24
31 31
26 46
24 26
12 54
19 15
19 22
24 2
23 29
6 46
8 13
14 24
27 30
26 7
15 31
18 46
24 39
8 39
7 12
22 4
24 41
10 4
11 19
4 16
28 55
26 16
31 42
14 44
8 33
28 39
5 30
26 47
19 49
29 18
12 52
2 26
4 12
7 39
10 18
28 46
17 51
6 41
2 52
17 18
13 32
15 10
25 29
25 25
20 41
0 34
22 40
17 40
24 14
12 46
9 16
22 36
1 22
8 36
30 50
3 9
29 35
29 1
30 46
0 48
10 19
13 39
9 43
27 17
19 45
7 36
24 23
30 34
7 24
13 21
30 35
30 7
9 11
21 8
3 44
4 5
17 39
23 13
15 40
5 51
8 20
11 35
24 50
18 19
18 30
12 49
11 40
1 52
21 6
6 36
27 48
5 27
1 19
2 24
16 24
30 53
29 48
13 23
20 29
14 28
21 47
21 36
1 42
2 42
27 50
24 5
17 14
15 26
29 42
4 29
5 47
25 50
4 28
13 9
29 38
18 38
22 31
24 3
6 9
21 38
20 3
5 49
2 53
20 22
22 2
29 46
23 1
5 41
8 50
4 31
12 21
9 49
13 54
0 5
14 48
5 35
2 20
8 15
17 9
15 37
22 29
28 52
0 55
0 14
15 41
2 32
3 51
17 48
21 26
29 26
3 26
14 2
22 52
11 9
14 31
5 22
23 27
20 54
25 31
28 38
18 52
31 46
21 51
18 4
9 30
5 1
2 23
21 18
5 24
23 10
2 33
24 21
4 15
31 39
19 52
27 54
31 3
27 52
3 13
11 28
28 29
22 41
5 0
0 17
23 2
24 18
24 9
2 2
4 36
1 0
12 28
14 46
31 25
16 38
19 14
17 17
15 1
11 52
7 29
13 4
2 47
0 9
14 18
30 36
25 52
3 37
9 35
3 20
16 48
29 3
5 2
0 45
7 8
9 48
19 16
21 17
20 53
6 34
15 42
26 1
17 32
8 35
12 2
6 3
8 47
25 36
3 12
22 47
11 32
30 24
18 24
13 18
2 43
31 2
30 38
2 55
30 45
6 13
28 32
7 1
8 42
9 7
2 14
30 25
9 54
19 40
8 55
1 15
19 54
13 34
22 16
29 15
13 29
22 27
