58 37 2023
15 26
58 3
9 22
53 22
34 8
36 15
36 1
1 0
34 34
24 29
12 17
15 29
41 16
50 32
26 15
1 17
47 10
27 12
37 28
36 0
21 13
13 26
7 36
18 27
45 8
0 25
28 35
14 32
21 21
34 19
3 34
28 33
19 14
48 27
32 36
33 8
32 14
44 14
39 14
10 1
0 14
22 31
9 13
46 3
47 25
13 5
8 33
41 4
40 19
4 29
28 28
0 24
21 1
30 35
12 29
56 34
53 14
51 31
36 33
3 4
34 35
10 34
19 9
10 10
36 22
22 7
26 24
55 30
58 33
53 12
40 32
41 10
49 36
45 31
2 14
21 6
51 5
58 23
21 20
2 10
38 5
42 9
8 11
31 27
14 27
42 12
8 10
43 2
31 22
42 1
13 27
45 37
34 22
16 6
31 4
56 32
49 24
0 35
52 23
13 18
15 8
54 5
9 24
48 20
56 11
39 19
53 10
51 23
3 5
22 10
39 21
1 13
17 36
44 36
55 11
27 32
43 37
27 21
7 8
19 25
55 8
56 17
30 14
23 27
45 36
54 0
45 27
8 34
29 23
5 30
30 6
16 26
54 34
23 36
54 10
1 3
16 29
47 22
18 3
46 25
17 2
42 26
36 9
3 13
48 15
33 4
22 15
36 7
24 10
52 11
45 11
41 3
42 17
44 5
39 4
37 29
14 7
2 22
15 24
27 19
37 7
13 7
20 13
22 34
46 11
20 2
49 23
29 28
47 7
19 32
26 35
10 30
1 4
56 1
26 1
50 18
51 37
15 1
17 26
44 1
9 37
14 34
23 25
13 15
6 37
9 12
11 26
7 25
20 7
30 0
32 29
42 21
34 0
55 31
16 18
24 35
34 28
3 27
3 10
20 1
30 18
20 35
51 18
20 22
23 23
15 0
12 22
46 8
23 13
55 15
58 13
52 30
18 28
2 12
49 5
17 37
23 1
44 16
32 25
4 17
18 8
36 36
39 16
47 8
5 1
31 11
7 35
5 33
50 37
50 34
12 2
38 7
46 7
7 28
12 35
57 10
11 16
41 12
53 23
49 15
9 28
29 5
50 27
4 15
26 2
17 31
27 28
9 35
14 20
46 24
32 27
47 35
58 36
0 4
16 23
42 4
11 33
7 34
18 19
50 28
45 3
22 32
30 2
38 13
45 15
1 37
18 14
40 24
10 18
7 20
4 19
48 14
7 16
58 17
55 21
46 26
39 31
40 18
55 20
4 7
13 21
20 12
16 0
33 24
22 36
13 1
11 27
35 29
46 19
55 32
9 16
4 37
40 6
25 23
0 11
30 21
50 22
45 23
15 19
34 16
29 33
17 12
36 20
21 12
43 24
50 4
0 18
25 32
15 10
12 25
54 32
12 15
8 35
53 5
11 20
56 2
10 11
14 16
18 23
44 33
57 27
54 20
24 4
11 1
12 30
6 8
25 8
50 0
15 11
0 6
55 22
28 29
3 1
38 25
35 9
47 20
41 35
50 33
54 21
42 3
7 18
27 16
23 4
7 7
36 34
52 19
35 20
44 12
32 0
23 6
30 28
40 27
24 24
37 9
20 37
43 4
56 19
17 9
7 24
44 10
12 1
4 18
54 13
15 22
18 35
19 34
35 0
16 25
1 34
51 28
13 16
44 32
25 0
58 28
1 6
54 24
45 24
56 23
7 2
21 8
28 10
24 19
58 19
31 20
48 29
34 2
7 13
16 32
28 20
12 8
1 21
8 0
20 6
3 0
13 9
55 5
53 25
24 25
28 27
24 27
19 12
39 17
2 34
57 9
21 23
25 13
28 11
11 10
3 15
6 9
10 15
16 15
16 5
27 5
45 32
54 29
24 6
31 14
33 32
35 4
20 19
30 4
0 30
7 0
7 10
2 8
31 24
29 6
2 19
5 16
42 28
16 19
27 22
15 17
40 37
47 0
42 36
3 17
33 28
52 0
4 21
0 29
27 20
22 1
28 12
32 20
54 19
56 31
44 15
33 29
52 3
4 2
53 0
13 3
35 32
49 17
33 35
43 7
46 35
19 13
46 31
29 3
17 4
17 1
58 34
30 9
18 25
54 16
17 10
1 36
23 35
36 8
13 35
34 32
47 31
41 24
51 4
51 29
57 36
9 33
0 19
20 36
32 5
31 8
36 14
49 7
29 27
25 5
40 11
6 7
12 36
28 0
57 23
43 25
45 35
55 2
5 11
29 36
12 28
47 21
51 0
58 9
41 18
5 9
39 30
16 10
6 5
11 30
37 5
44 6
7 14
38 2
57 12
33 19
11 8
3 2
4 33
24 32
28 24
35 35
26 23
2 5
19 33
19 5
43 27
6 14
17 32
54 37
50 16
47 13
26 29
24 13
21 29
44 29
40 0
15 2
25 6
18 12
7 1
38 27
6 25
19 8
42 35
27 8
18 20
31 37
3 3
4 11
28 19
38 6
57 18
16 17
7 31
46 27
46 32
2 6
23 5
38 29
13 19
39 18
49 14
20 20
12 0
53 13
13 29
34 27
34 4
18 2
40 10
9 4
18 11
14 11
25 14
56 9
7 12
2 7
49 33
21 25
19 3
6 32
55 28
19 19
23 37
26 16
52 7
8 9
0 34
4 24
12 12
36 28
42 16
13 37
1 16
48 1
54 27
40 29
24 18
5 37
9 23
38 32
11 36
23 28
12 34
2 0
57 31
15 21
26 32
37 6
49 22
58 5
13 0
5 32
17 0
10 23
37 16
22 9
18 24
27 18
53 19
10 14
24 36
34 12
41 1
36 21
39 32
44 20
1 23
23 9
31 32
22 24
27 23
57 28
13 8
38 36
10 8
52 15
54 22
13 17
25 12
32 32
55 33
45 19
3 8
16 35
41 23
21 5
56 29
30 19
21 10
48 21
20 5
27 34
28 4
17 17
49 8
21 9
1 25
22 21
24 5
53 34
43 30
38 28
44 23
33 3
52 14
45 22
39 13
24 15
29 9
15 28
54 35
39 33
32 17
45 12
26 26
27 3
53 35
17 5
20 11
49 10
10 32
33 31
43 13
10 28
22 8
18 34
22 27
55 24
6 29
5 24
14 19
38 17
25 10
42 31
42 23
43 23
21 3
40 25
19 4
39 22
51 11
38 23
41 7
47 12
33 33
11 15
49 21
55 14
51 10
7 6
19 23
39 0
11 11
17 18
24 28
41 32
48 37
48 33
20 34
56 3
6 34
2 26
10 29
29 15
36 37
4 20
52 22
30 36
27 27
5 3
53 15
38 37
25 26
11 0
22 3
32 11
52 33
30 12
25 28
44 25
17 29
7 17
46 6
55 37
39 8
45 28
14 8
46 1
53 24
43 9
21 27
9 15
3 22
49 12
47 26
53 33
51 33
9 5
29 37
18 16
55 34
35 6
37 1
35 10
11 4
17 27
54 8
58 20
38 9
39 29
3 18
27 9
46 23
4 12
11 3
56 21
17 15
11 23
27 17
40 26
37 12
42 20
12 16
48 6
37 34
7 11
15 37
3 31
56 20
50 1
35 12
30 22
58 21
58 1
22 6
52 28
25 37
18 9
28 26
5 25
11 9
53 21
54 1
56 25
17 11
32 31
58 7
44 7
3 20
24 31
40 16
1 31
3 29
30 13
30 20
14 15
39 28
48 28
20 10
33 1
16 4
13 11
1 27
8 21
40 8
35 24
9 14
17 13
22 20
46 17
32 10
14 10
5 7
54 15
33 16
2 32
56 37
54 31
2 36
4 16
53 8
10 4
2 27
2 18
11 14
5 13
35 19
47 3
34 7
9 6
1 22
37 23
34 23
54 30
4 35
11 34
38 14
14 12
45 17
16 16
26 25
35 2
54 23
35 7
8 14
42 33
43 1
37 31
38 35
22 5
13 34
0 12
25 11
42 11
21 7
41 26
25 36
8 20
25 34
38 34
27 25
14 33
4 27
31 13
0 27
53 11
42 30
16 1
39 3
13 30
29 30
22 33
7 33
21 33
58 24
49 1
11 2
21 34
49 20
29 21
48 36
39 9
11 19
26 3
10 22
49 13
27 1
6 2
45 9
4 14
18 32
37 36
8 7
48 22
54 33
19 16
2 28
14 2
25 35
42 6
58 0
6 22
35 27
33 7
26 7
3 11
56 35
7 26
45 13
16 7
36 25
4 0
41 5
22 14
26 5
15 27
31 36
29 35
19 35
43 31
24 23
48 4
49 4
24 22
24 30
34 6
5 10
2 30
30 25
26 9
20 32
49 28
29 10
43 35
41 17
56 8
42 14
39 2
29 11
41 11
40 1
21 22
26 6
37 33
10 2
23 33
27 33
35 3
22 11
37 18
31 29
11 24
0 3
14 6
44 4
16 37
2 15
21 32
49 3
0 5
6 36
43 28
14 26
22 26
49 6
5 19
55 19
52 1
43 6
11 6
16 20
35 26
2 13
23 10
50 9
47 4
22 30
12 13
26 34
38 19
48 8
35 13
23 26
39 24
44 35
16 33
22 16
1 35
37 30
46 13
55 26
14 14
18 1
46 37
15 12
5 35
43 12
26 13
48 35
37 26
50 11
47 14
33 13
29 32
34 29
40 28
31 7
10 12
56 18
0 10
18 5
9 7
17 35
32 35
49 32
50 12
25 4
7 19
57 34
46 9
5 36
28 23
8 22
1 9
26 31
39 34
21 28
22 23
27 2
49 27
38 10
27 10
36 26
38 33
22 35
28 16
31 15
46 5
52 10
38 22
17 8
38 16
0 37
6 23
36 19
44 19
53 3
57 15
54 25
33 6
7 9
56 0
47 1
6 3
8 18
24 37
7 27
26 12
41 15
15 16
42 13
8 5
57 26
42 5
2 17
46 36
37 27
28 36
43 0
0 0
40 34
57 14
36 32
29 16
15 20
2 9
23 29
31 5
34 21
8 24
50 5
30 1
55 6
16 27
2 24
57 24
14 13
41 33
14 29
53 18
7 30
26 36
57 0
34 10
9 10
2 23
34 5
30 15
30 32
20 16
50 14
19 7
1 20
10 16
58 22
6 10
12 26
49 30
36 12
17 19
5 8
48 26
50 29
43 26
47 28
10 36
40 5
52 29
8 12
45 25
20 3
42 7
11 13
43 21
47 17
31 26
24 34
4 5
48 16
26 33
5 15
23 32
55 35
29 25
34 17
52 4
33 37
18 6
48 0
41 2
53 16
14 35
1 7
52 34
17 3
26 8
53 4
5 17
49 31
12 5
6 24
55 18
32 16
37 32
15 15
25 24
56 33
52 21
27 37
48 32
58 25
0 28
22 19
27 29
6 13
37 11
28 37
28 18
5 12
48 18
1 14
14 30
48 17
7 15
3 6
3 24
13 33
34 1
8 27
56 36
11 31
39 35
31 28
19 21
18 30
21 31
19 15
20 8
8 37
45 26
16 21
50 36
15 31
51 19
34 30
34 33
29 19
46 22
12 32
29 24
58 27
35 33
12 11
50 35
20 27
58 8
19 20
58 4
44 9
46 28
48 25
21 11
58 2
33 15
57 25
37 13
50 13
38 30
36 2
32 3
36 5
14 3
54 6
24 14
54 17
53 29
18 33
33 20
9 30
20 33
17 6
16 3
28 31
11 17
12 24
0 21
37 10
11 21
45 2
55 3
49 9
6 30
4 13
35 15
14 18
44 13
54 18
6 15
53 27
38 11
57 8
12 6
53 1
40 36
19 18
31 9
9 8
27 31
19 11
29 13
18 0
56 13
41 6
29 0
41 31
39 37
8 3
58 31
46 34
39 15
38 3
8 15
39 11
0 32
32 2
43 33
41 9
23 14
56 27
49 16
4 3
29 7
12 4
27 15
8 28
43 17
41 28
15 30
12 37
40 30
58 32
43 8
53 7
45 33
32 13
47 6
21 35
50 30
24 33
14 31
34 37
28 17
43 22
8 8
44 17
30 37
2 3
28 5
38 20
44 0
19 24
9 3
51 15
18 22
35 16
36 35
45 1
25 21
19 6
47 5
5 20
23 17
38 26
12 27
18 36
41 8
47 30
10 37
20 25
57 6
46 15
4 6
34 11
11 25
34 9
55 9
25 18
29 12
55 7
7 4
14 22
30 29
1 1
4 1
50 20
13 22
2 2
52 8
31 16
24 1
40 3
33 10
53 26
21 26
31 25
41 0
53 20
30 10
10 13
30 17
56 26
39 5
42 2
19 10
29 20
52 13
42 0
21 2
9 27
33 2
3 35
54 14
53 32
52 9
33 0
21 18
28 2
42 8
32 15
10 19
13 2
18 17
58 18
30 24
56 14
57 21
33 17
13 14
55 16
42 27
36 13
9 1
40 20
12 33
32 24
11 22
46 33
41 27
6 4
19 17
25 15
56 7
3 25
39 27
17 22
33 26
42 34
49 26
48 19
35 11
25 2
26 19
36 29
57 11
9 34
33 22
6 6
11 29
3 37
33 9
54 26
10 3
44 11
18 18
33 18
43 5
16 28
0 20
4 8
51 21
36 24
30 3
48 23
33 30
8 36
32 9
14 23
52 2
51 2
36 27
22 29
46 14
1 8
29 14
26 4
23 0
6 31
34 13
46 2
1 33
57 2
30 30
25 9
6 28
6 12
50 2
6 1
26 11
14 24
58 10
5 4
11 18
52 16
17 30
8 1
52 18
37 37
10 33
2 37
51 7
4 23
34 14
21 4
51 34
42 18
45 29
44 22
52 37
8 25
15 23
29 8
4 25
16 24
33 25
18 15
25 29
23 18
41 19
19 29
22 17
1 28
48 34
19 31
48 30
4 31
43 15
35 25
56 12
50 21
54 2
1 29
28 13
24 26
41 21
49 34
27 4
44 24
15 33
10 5
51 20
10 24
48 12
49 25
51 16
35 18
41 22
47 32
48 11
8 26
48 7
31 3
49 0
17 20
29 26
14 5
50 10
54 36
55 36
33 34
52 20
43 29
30 31
23 15
36 10
15 3
6 18
15 34
44 28
22 18
23 19
20 31
3 7
41 30
5 27
55 1
35 17
42 10
57 29
16 14
54 7
23 24
54 28
55 12
28 15
53 36
37 8
40 23
50 23
16 30
57 32
12 9
39 1
23 2
38 8
31 19
35 22
35 30
28 8
22 25
37 21
57 1
0 13
6 35
7 23
20 30
32 28
35 5
18 10
0 33
2 16
34 25
40 4
11 5
51 35
51 27
57 33
17 25
21 19
58 6
37 14
40 12
26 10
35 8
1 12
19 1
46 21
44 2
19 0
20 21
55 25
17 21
10 27
58 29
24 16
5 6
30 27
40 2
42 19
28 14
39 10
6 11
10 25
47 37
44 37
30 16
10 31
24 20
30 26
18 26
28 25
58 15
34 15
12 14
51 13
9 21
43 10
3 14
3 30
17 33
22 13
3 21
23 8
47 27
48 13
40 14
31 17
8 30
21 30
6 0
3 36
55 17
21 16
4 26
51 36
10 9
53 2
21 37
39 36
31 21
17 24
54 3
11 7
32 21
31 12
35 31
9 19
27 7
9 36
19 26
14 17
46 20
9 11
38 18
8 23
30 34
3 28
11 37
43 3
25 31
17 23
16 9
47 11
55 4
43 32
10 35
31 0
13 23
14 37
56 10
14 36
34 20
20 15
56 16
51 26
33 11
32 8
15 7
17 16
13 10
44 27
23 16
26 37
51 24
24 17
51 14
56 15
0 8
4 30
18 13
29 34
27 30
22 12
28 22
5 28
53 17
15 32
41 13
15 18
20 29
19 36
29 4
2 20
49 35
27 11
51 9
40 9
21 15
12 18
20 14
31 2
15 35
26 21
33 14
50 6
51 22
32 4
45 5
5 5
45 0
40 33
16 2
5 29
44 34
36 16
46 30
45 14
12 3
33 23
49 29
34 18
58 37
12 20
3 32
7 32
50 26
43 11
39 12
34 3
7 3
13 13
38 15
45 34
0 2
8 2
56 30
3 26
37 4
16 34
0 22
26 18
44 30
5 0
8 13
8 17
16 11
15 6
25 30
5 34
50 7
15 5
0 26
52 17
33 36
8 29
10 0
38 12
48 31
41 29
51 8
20 17
12 23
40 21
40 35
24 7
1 5
31 23
29 31
50 24
16 31
12 19
4 22
57 7
5 2
24 3
10 17
5 21
32 37
50 25
29 29
26 27
29 22
9 31
20 4
35 23
23 12
2 21
37 22
33 27
2 33
14 21
32 12
52 6
25 22
2 11
46 0
0 17
2 1
57 5
21 0
35 14
5 31
1 30
29 2
27 26
49 37
53 6
4 10
1 15
29 18
30 8
9 9
0 31
57 30
31 33
37 25
7 29
19 28
4 9
17 34
1 32
41 37
32 6
3 9
50 31
2 35
35 36
46 4
57 20
40 13
55 0
15 36
47 16
15 9
44 3
58 30
26 0
45 6
6 16
30 7
41 34
13 36
26 28
25 16
57 4
8 4
27 36
9 26
39 26
55 13
9 25
51 12
50 15
55 23
3 23
24 21
31 31
32 1
31 6
52 32
36 6
42 37
36 23
44 8
14 28
51 3
51 30
1 2
28 3
56 6
28 34
26 17
10 26
30 33
39 6
32 22
10 7
32 33
56 28
18 21
13 25
23 7
57 17
39 25
26 14
9 17
43 34
28 9
19 22
10 20
42 32
46 18
25 27
16 12
44 26
56 4
29 1
15 14
55 29
21 17
17 28
33 12
37 35
23 30
6 19
39 20
8 32
25 7
6 20
8 6
33 21
19 37
58 26
22 28
12 7
46 10
57 3
53 28
25 33
25 20
34 31
54 4
9 0
47 36
32 7
52 36
2 31
41 25
37 17
1 19
39 23
7 22
14 9
43 14
42 25
47 9
53 37
36 18
32 26
13 4
36 17
32 30
16 36
4 36
38 24
58 11
9 29
4 34
52 5
1 18
42 24
37 24
52 35
36 4
2 29
49 19
27 14
8 19
48 2
2 4
38 0
13 12
18 31
0 36
0 23
40 17
19 30
6 27
17 14
0 9
56 22
47 18
39 7
38 1
51 1
48 10
37 3
42 15
20 9
14 1
11 28
3 33
17 7
4 4
